1Booster                                                                           "MAD" Version: 8.51/07   Run: 19/10/10  14.51.18
 Survey.                      SURVEY              line: NSUP                       range: #S/#E                                   
                              symm: F             super:   1                                                             page     1
 ----------------------------------------------------------------------------------------------------------------------------------
       E L E M E N T   S E Q U E N C E        I            P O S I T I O N S             I               A N G L E S
 pos.  element occ.     sum(L)       arc      I     x             y             z        I     theta         phi           psi
 no.   name    no.      [m]          [m]      I     [m]           [m]           [m]      I     [rad]         [rad]         [rad]
 ----------------------------------------------------------------------------------------------------------------------------------
 begin NSUP       1     0.000000     0.000000       0.000000      0.000000      0.000000       0.000000      0.000000      0.000000
 begin SUP        1     0.000000     0.000000       0.000000      0.000000      0.000000       0.000000      0.000000      0.000000
 begin STR        1     0.000000     0.000000       0.000000      0.000000      0.000000       0.000000      0.000000      0.000000
     1 QF         1     0.400000     0.400000       0.000000      0.000000      0.400000       0.000000      0.000000      0.000000
     2 DR1        1     4.400000     4.400000       0.000000      0.000000      4.400000       0.000000      0.000000      0.000000
     3 QD         1     4.800000     4.800000       0.000000      0.000000      4.800000       0.000000      0.000000      0.000000
     4 DR1        2     8.800000     8.800000       0.000000      0.000000      8.800000       0.000000      0.000000      0.000000
 end   STR        1     8.800000     8.800000       0.000000      0.000000      8.800000       0.000000      0.000000      0.000000
 begin CELL1      1     8.800000     8.800000       0.000000      0.000000      8.800000       0.000000      0.000000      0.000000
     5 QF         2     9.200000     9.200000       0.000000      0.000000      9.200000       0.000000      0.000000      0.000000
     6 DR3        1     9.800000     9.800000       0.000000      0.000000      9.800000       0.000000      0.000000      0.000000
     7 BM         1    12.000000    12.000000      -0.172428      0.000000     11.990965      -0.157075      0.000000      0.000000
     8 DR2        1    13.200000    13.200000      -0.360143      0.000000     13.176191      -0.157075      0.000000      0.000000
     9 QD         2    13.600000    13.600000      -0.422715      0.000000     13.571267      -0.157075      0.000000      0.000000
    10 DR2        2    14.800000    14.800000      -0.610431      0.000000     14.756494      -0.157075      0.000000      0.000000
    11 BM         2    17.000000    17.000000      -1.123468      0.000000     16.893513      -0.314150      0.000000      0.000000
    12 DR3        2    17.600000    17.600000      -1.308873      0.000000     17.464148      -0.314150      0.000000      0.000000
 end   CELL1      1    17.600000    17.600000      -1.308873      0.000000     17.464148      -0.314150      0.000000      0.000000
 begin CELL1      2    17.600000    17.600000      -1.308873      0.000000     17.464148      -0.314150      0.000000      0.000000
    13 QF         3    18.000000    18.000000      -1.432477      0.000000     17.844572      -0.314150      0.000000      0.000000
    14 DR3        3    18.600000    18.600000      -1.617881      0.000000     18.415208      -0.314150      0.000000      0.000000
    15 BM         3    20.800000    20.800000      -2.458896      0.000000     20.445664      -0.471225      0.000000      0.000000
    16 DR2        3    22.000000    22.000000      -3.003670      0.000000     21.514879      -0.471225      0.000000      0.000000
    17 QD         3    22.400000    22.400000      -3.185261      0.000000     21.871284      -0.471225      0.000000      0.000000
    18 DR2        4    23.600000    23.600000      -3.730035      0.000000     22.940500      -0.471225      0.000000      0.000000
    19 BM         4    25.800000    25.800000      -4.878320      0.000000     24.814399      -0.628300      0.000000      0.000000
    20 DR3        4    26.400000    26.400000      -5.230982      0.000000     25.299816      -0.628300      0.000000      0.000000
 end   CELL1      2    26.400000    26.400000      -5.230982      0.000000     25.299816      -0.628300      0.000000      0.000000
 begin CELL1      3    26.400000    26.400000      -5.230982      0.000000     25.299816      -0.628300      0.000000      0.000000
    21 QF         4    26.800000    26.800000      -5.466090      0.000000     25.623427      -0.628300      0.000000      0.000000
    22 DR3        5    27.400000    27.400000      -5.818753      0.000000     26.108843      -0.628300      0.000000      0.000000
    23 BM         5    29.600000    29.600000      -7.246035      0.000000     27.780047      -0.785375      0.000000      0.000000
    24 DR2        5    30.800000    30.800000      -8.094544      0.000000     28.628595      -0.785375      0.000000      0.000000
    25 QD         4    31.200000    31.200000      -8.377380      0.000000     28.911444      -0.785375      0.000000      0.000000
    26 DR2        6    32.400000    32.400000      -9.225888      0.000000     29.759992      -0.785375      0.000000      0.000000
    27 BM         6    34.600000    34.600000     -10.897026      0.000000     31.187352      -0.942450      0.000000      0.000000
    28 DR3        6    35.200000    35.200000     -11.382426      0.000000     31.540037      -0.942450      0.000000      0.000000
 end   CELL1      3    35.200000    35.200000     -11.382426      0.000000     31.540037      -0.942450      0.000000      0.000000
 begin CELL1      4    35.200000    35.200000     -11.382426      0.000000     31.540037      -0.942450      0.000000      0.000000
    29 QF         5    35.600000    35.600000     -11.706026      0.000000     31.775160      -0.942450      0.000000      0.000000
    30 DR3        7    36.200000    36.200000     -12.191427      0.000000     32.127844      -0.942450      0.000000      0.000000
    31 BM         7    38.400000    38.400000     -14.065273      0.000000     33.276216      -1.099525      0.000000      0.000000
    32 DR2        7    39.600000    39.600000     -15.134463      0.000000     33.821039      -1.099525      0.000000      0.000000
    33 QD         5    40.000000    40.000000     -15.490860      0.000000     34.002647      -1.099525      0.000000      0.000000
    34 DR2        8    41.200000    41.200000     -16.560050      0.000000     34.547470      -1.099525      0.000000      0.000000
    35 BM         8    43.400000    43.400000     -18.590467      0.000000     35.388579      -1.256600      0.000000      0.000000
    36 DR3        8    44.000000    44.000000     -19.161094      0.000000     35.574011      -1.256600      0.000000      0.000000
1Booster                                                                           "MAD" Version: 8.51/07   Run: 19/10/10  14.51.18
 Survey.                      SURVEY              line: NSUP                       range: #S/#E                                   
                              symm: F             super:   1                                                             page     2
 ----------------------------------------------------------------------------------------------------------------------------------
       E L E M E N T   S E Q U E N C E        I            P O S I T I O N S             I               A N G L E S
 pos.  element occ.     sum(L)       arc      I     x             y             z        I     theta         phi           psi
 no.   name    no.      [m]          [m]      I     [m]           [m]           [m]      I     [rad]         [rad]         [rad]
 ----------------------------------------------------------------------------------------------------------------------------------
 end   CELL1      4    44.000000    44.000000     -19.161094      0.000000     35.574011      -1.256600      0.000000      0.000000
 begin CELL1      5    44.000000    44.000000     -19.161094      0.000000     35.574011      -1.256600      0.000000      0.000000
    37 QF         6    44.400000    44.400000     -19.541512      0.000000     35.697632      -1.256600      0.000000      0.000000
    38 DR3        9    45.000000    45.000000     -20.112139      0.000000     35.883063      -1.256600      0.000000      0.000000
    39 BM         9    47.200000    47.200000     -22.249134      0.000000     36.396199      -1.413675      0.000000      0.000000
    40 DR2        9    48.400000    48.400000     -23.434352      0.000000     36.583970      -1.413675      0.000000      0.000000
    41 QD         6    48.800000    48.800000     -23.829425      0.000000     36.646560      -1.413675      0.000000      0.000000
    42 DR2       10    50.000000    50.000000     -25.014643      0.000000     36.834331      -1.413675      0.000000      0.000000
    43 BM        10    52.200000    52.200000     -27.205600      0.000000     37.006860      -1.570750      0.000000      0.000000
    44 DR3       10    52.800000    52.800000     -27.805600      0.000000     37.006888      -1.570750      0.000000      0.000000
 end   CELL1      5    52.800000    52.800000     -27.805600      0.000000     37.006888      -1.570750      0.000000      0.000000
 end   SUP        1    52.800000    52.800000     -27.805600      0.000000     37.006888      -1.570750      0.000000      0.000000
 end   NSUP       1    52.800000    52.800000     -27.805600      0.000000     37.006888      -1.570750      0.000000      0.000000
 ----------------------------------------------------------------------------------------------------------------------------------
 total length =         52.800000          arc length   =         52.800000
 error(x)     =         -0.278056E+02      error(y)     =          0.000000E+00      error(z)     =          0.370069E+02
 error(theta) =         -0.157075E+01      error(phi)   =          0.000000E+00      error(psi)   =          0.000000E+00
 ----------------------------------------------------------------------------------------------------------------------------------
1Booster                                                                           "MAD" Version: 8.51/07   Run: 19/10/10  14.51.18
 Linear lattice functions.    TWISS               line: NSUP                       range: #S/#E                                   
 Delta(p)/p:     0.000000     symm: F             super:   1                                                             page     1
 ----------------------------------------------------------------------------------------------------------------------------------
      ELEMENT SEQUENCE       I                H O R I Z O N T A L               I                  V E R T I C A L
 pos.  element occ.     dist I   betax  alfax   mux    x(co)  px(co) Dx    Dpx  I   betay   alfay    muy    y(co)  py(co)  Dy    Dpy
 no.   name    no.      [m]  I   [m]    [1]     [2pi]  [mm]   [.001] [m]   [1]  I   [m]     [1]      [2pi]  [mm]   [.001]  [m]   [1]
 ----------------------------------------------------------------------------------------------------------------------------------
 begin NSUP       1     0.000   14.305 -2.134   0.000  0.0000  0.000  0.952 0.209    2.876  0.516   0.000  0.0000  0.000  0.000 0.000
 begin SUP        1     0.000   14.305 -2.134   0.000  0.0000  0.000  0.952 0.209    2.876  0.516   0.000  0.0000  0.000  0.000 0.000
 begin STR        1     0.000   14.305 -2.134   0.000  0.0000  0.000  0.952 0.209    2.876  0.516   0.000  0.0000  0.000  0.000 0.000
     1 QF         1     0.400   14.218  2.344   0.004  0.0000  0.000  0.975-0.095    2.876 -0.516   0.023  0.0000  0.000  0.000 0.000
     2 DR1        1     4.400    2.774  0.517   0.114  0.0000  0.000  0.595-0.095   14.052 -2.278   0.131  0.0000  0.000  0.000 0.000
     3 QD         1     4.800    2.774 -0.517   0.138  0.0000  0.000  0.595 0.095   14.052  2.278   0.135  0.0000  0.000  0.000 0.000
     4 DR1        2     8.800   14.218 -2.344   0.248  0.0000  0.000  0.975 0.095    2.876  0.516   0.244  0.0000  0.000  0.000 0.000
 end   STR        1     8.800   14.218 -2.344   0.248  0.0000  0.000  0.975 0.095    2.876  0.516   0.244  0.0000  0.000  0.000 0.000
 begin CELL1      1     8.800   14.218 -2.344   0.248  0.0000  0.000  0.975 0.095    2.876  0.516   0.244  0.0000  0.000  0.000 0.000
     5 QF         2     9.200   14.305  2.134   0.252  0.0000  0.000  0.952-0.209    2.876 -0.516   0.266  0.0000  0.000  0.000 0.000
     6 DR3        1     9.800   11.885  1.901   0.259  0.0000  0.000  0.826-0.209    3.654 -0.781   0.296  0.0000  0.000  0.000 0.000
     7 BM         1    12.000    5.231  1.099   0.304  0.0000  0.000  0.531-0.058    9.220 -1.749   0.358  0.0000  0.000  0.000 0.000
     8 DR2        1    13.200    3.201  0.592   0.352  0.0000  0.000  0.461-0.058   14.052 -2.278   0.375  0.0000  0.000  0.000 0.000
     9 QD         2    13.600    3.187 -0.556   0.372  0.0000  0.000  0.468 0.090   14.052  2.278   0.379  0.0000  0.000  0.000 0.000
    10 DR2        2    14.800    5.112 -1.049   0.420  0.0000  0.000  0.576 0.090    9.220  1.749   0.396  0.0000  0.000  0.000 0.000
    11 BM         2    17.000   11.496 -1.830   0.466  0.0000  0.000  0.940 0.240    3.654  0.781   0.458  0.0000  0.000  0.000 0.000
    12 DR3        2    17.600   13.828 -2.056   0.474  0.0000  0.000  1.085 0.240    2.876  0.516   0.488  0.0000  0.000  0.000 0.000
 end   CELL1      1    17.600   13.828 -2.056   0.474  0.0000  0.000  1.085 0.240    2.876  0.516   0.488  0.0000  0.000  0.000 0.000
 begin CELL1      2    17.600   13.828 -2.056   0.474  0.0000  0.000  1.085 0.240    2.876  0.516   0.488  0.0000  0.000  0.000 0.000
    13 QF         3    18.000   13.739  2.269   0.478  0.0000  0.000  1.112-0.107    2.876 -0.516   0.510  0.0000  0.000  0.000 0.000
    14 DR3        3    18.600   11.177  2.001   0.486  0.0000  0.000  1.048-0.107    3.654 -0.781   0.540  0.0000  0.000  0.000 0.000
    15 BM         3    20.800    4.393  1.058   0.537  0.0000  0.000  0.976 0.041    9.220 -1.749   0.602  0.0000  0.000  0.000 0.000
    16 DR2        3    22.000    2.549  0.479   0.595  0.0000  0.000  1.025 0.041   14.052 -2.278   0.618  0.0000  0.000  0.000 0.000
    17 QD         3    22.400    2.556 -0.497   0.621  0.0000  0.000  1.108 0.382   14.052  2.278   0.623  0.0000  0.000  0.000 0.000
    18 DR2        4    23.600    4.452 -1.083   0.678  0.0000  0.000  1.566 0.382    9.220  1.749   0.640  0.0000  0.000  0.000 0.000
    19 BM         4    25.800   11.372 -2.037   0.728  0.0000  0.000  2.557 0.517    3.654  0.781   0.702  0.0000  0.000  0.000 0.000
    20 DR3        4    26.400   13.979 -2.308   0.736  0.0000  0.000  2.867 0.517    2.876  0.516   0.731  0.0000  0.000  0.000 0.000
 end   CELL1      2    26.400   13.979 -2.308   0.736  0.0000  0.000  2.867 0.517    2.876  0.516   0.731  0.0000  0.000  0.000 0.000
 begin CELL1      3    26.400   13.979 -2.308   0.736  0.0000  0.000  2.867 0.517    2.876  0.516   0.731  0.0000  0.000  0.000 0.000
    21 QF         4    26.800   14.068  2.094   0.740  0.0000  0.000  2.892-0.393    2.876 -0.516   0.754  0.0000  0.000  0.000 0.000
    22 DR3        5    27.400   11.693  1.864   0.748  0.0000  0.000  2.657-0.393    3.654 -0.781   0.784  0.0000  0.000  0.000 0.000
    23 BM         5    29.600    5.176  1.074   0.793  0.0000  0.000  1.938-0.260    9.220 -1.749   0.845  0.0000  0.000  0.000 0.000
    24 DR2        5    30.800    3.198  0.575   0.841  0.0000  0.000  1.626-0.260   14.052 -2.278   0.862  0.0000  0.000  0.000 0.000
    25 QD         4    31.200    3.198 -0.575   0.861  0.0000  0.000  1.626 0.260   14.052  2.278   0.867  0.0000  0.000  0.000 0.000
    26 DR2        6    32.400    5.176 -1.074   0.909  0.0000  0.000  1.938 0.260    9.220  1.749   0.883  0.0000  0.000  0.000 0.000
    27 BM         6    34.600   11.693 -1.864   0.954  0.0000  0.000  2.657 0.393    3.654  0.781   0.945  0.0000  0.000  0.000 0.000
    28 DR3        6    35.200   14.068 -2.094   0.962  0.0000  0.000  2.892 0.393    2.876  0.516   0.975  0.0000  0.000  0.000 0.000
 end   CELL1      3    35.200   14.068 -2.094   0.962  0.0000  0.000  2.892 0.393    2.876  0.516   0.975  0.0000  0.000  0.000 0.000
 begin CELL1      4    35.200   14.068 -2.094   0.962  0.0000  0.000  2.892 0.393    2.876  0.516   0.975  0.0000  0.000  0.000 0.000
    29 QF         5    35.600   13.979  2.308   0.966  0.0000  0.000  2.867-0.517    2.876 -0.516   0.998  0.0000  0.000  0.000 0.000
    30 DR3        7    36.200   11.372  2.037   0.974  0.0000  0.000  2.557-0.517    3.654 -0.781   1.027  0.0000  0.000  0.000 0.000
    31 BM         7    38.400    4.452  1.083   1.024  0.0000  0.000  1.566-0.382    9.220 -1.749   1.089  0.0000  0.000  0.000 0.000
    32 DR2        7    39.600    2.556  0.497   1.082  0.0000  0.000  1.108-0.382   14.052 -2.278   1.106  0.0000  0.000  0.000 0.000
    33 QD         5    40.000    2.549 -0.479   1.107  0.0000  0.000  1.025-0.041   14.052  2.278   1.110  0.0000  0.000  0.000 0.000
    34 DR2        8    41.200    4.393 -1.058   1.165  0.0000  0.000  0.976-0.041    9.220  1.749   1.127  0.0000  0.000  0.000 0.000
    35 BM         8    43.400   11.177 -2.001   1.216  0.0000  0.000  1.048 0.107    3.654  0.781   1.189  0.0000  0.000  0.000 0.000
    36 DR3        8    44.000   13.739 -2.269   1.224  0.0000  0.000  1.112 0.107    2.876  0.516   1.219  0.0000  0.000  0.000 0.000
1Booster                                                                           "MAD" Version: 8.51/07   Run: 19/10/10  14.51.18
 Linear lattice functions.    TWISS               line: NSUP                       range: #S/#E                                   
 Delta(p)/p:     0.000000     symm: F             super:   1                                                             page     2
 ----------------------------------------------------------------------------------------------------------------------------------
      ELEMENT SEQUENCE       I                H O R I Z O N T A L               I                  V E R T I C A L
 pos.  element occ.     dist I   betax  alfax   mux    x(co)  px(co) Dx    Dpx  I   betay   alfay    muy    y(co)  py(co)  Dy    Dpy
 no.   name    no.      [m]  I   [m]    [1]     [2pi]  [mm]   [.001] [m]   [1]  I   [m]     [1]      [2pi]  [mm]   [.001]  [m]   [1]
 ----------------------------------------------------------------------------------------------------------------------------------
 end   CELL1      4    44.000   13.739 -2.269   1.224  0.0000  0.000  1.112 0.107    2.876  0.516   1.219  0.0000  0.000  0.000 0.000
 begin CELL1      5    44.000   13.739 -2.269   1.224  0.0000  0.000  1.112 0.107    2.876  0.516   1.219  0.0000  0.000  0.000 0.000
    37 QF         6    44.400   13.828  2.056   1.228  0.0000  0.000  1.085-0.240    2.876 -0.516   1.241  0.0000  0.000  0.000 0.000
    38 DR3        9    45.000   11.496  1.830   1.236  0.0000  0.000  0.940-0.240    3.654 -0.781   1.271  0.0000  0.000  0.000 0.000
    39 BM         9    47.200    5.112  1.049   1.282  0.0000  0.000  0.576-0.090    9.220 -1.749   1.333  0.0000  0.000  0.000 0.000
    40 DR2        9    48.400    3.187  0.556   1.330  0.0000  0.000  0.468-0.090   14.052 -2.278   1.350  0.0000  0.000  0.000 0.000
    41 QD         6    48.800    3.201 -0.592   1.350  0.0000  0.000  0.461 0.058   14.052  2.278   1.354  0.0000  0.000  0.000 0.000
    42 DR2       10    50.000    5.231 -1.099   1.398  0.0000  0.000  0.531 0.058    9.220  1.749   1.371  0.0000  0.000  0.000 0.000
    43 BM        10    52.200   11.885 -1.901   1.443  0.0000  0.000  0.826 0.209    3.654  0.781   1.433  0.0000  0.000  0.000 0.000
    44 DR3       10    52.800   14.305 -2.134   1.450  0.0000  0.000  0.952 0.209    2.876  0.516   1.463  0.0000  0.000  0.000 0.000
 end   CELL1      5    52.800   14.305 -2.134   1.450  0.0000  0.000  0.952 0.209    2.876  0.516   1.463  0.0000  0.000  0.000 0.000
 end   SUP        1    52.800   14.305 -2.134   1.450  0.0000  0.000  0.952 0.209    2.876  0.516   1.463  0.0000  0.000  0.000 0.000
 end   NSUP       1    52.800   14.305 -2.134   1.450  0.0000  0.000  0.952 0.209    2.876  0.516   1.463  0.0000  0.000  0.000 0.000
 ----------------------------------------------------------------------------------------------------------------------------------
 total length =         52.800000          Qx           =          1.449996          Qy           =          1.462500
 delta(s)     =          0.000000 mm       Qx'          =         -1.627628          Qy'          =         -1.718593
 alfa         =          0.393605E-01      betax(max)   =         14.305441          betay(max)   =         14.052500
 gamma(tr)    =          5.040455          Dx(max)      =          2.892377          Dy(max)      =          0.000000
                                           Dx(r.m.s.)   =          1.516616          Dy(r.m.s.)   =          0.000000
                                           xco(max)     =          0.000000          yco(max)     =          0.000000
                                           xco(r.m.s.)  =          0.000000          yco(r.m.s.)  =          0.000000
 ----------------------------------------------------------------------------------------------------------------------------------
 total length =        211.200000          Qx           =          5.799983          Qy           =          5.850000
 delta(s)     =          0.000000 mm       Qx'          =         -6.510511          Qy'          =         -6.874373
 alfa         =          0.393605E-01      betax(max)   =         14.305441          betay(max)   =         14.052500
 gamma(tr)    =          5.040455          Dx(max)      =          2.892377          Dy(max)      =          0.000000
                                           Dx(r.m.s.)   =          1.516616          Dy(r.m.s.)   =          0.000000
                                           xco(max)     =          0.000000          yco(max)     =          0.000000
                                           xco(r.m.s.)  =          0.000000          yco(r.m.s.)  =          0.000000
 ----------------------------------------------------------------------------------------------------------------------------------
