1BRing                                                                             "MAD" Version: 8.51/15   Run: 21/04/16  12.12.34
 Linear lattice functions.    TWISS               line: RING                       range: #S/#E                                   
 Delta(p)/p:     0.000000     symm: F             super:   1                                                             page     1
 ----------------------------------------------------------------------------------------------------------------------------------
      ELEMENT SEQUENCE       I                H O R I Z O N T A L               I                  V E R T I C A L
 pos.  element occ.     dist I   betax  alfax   mux    x(co)  px(co) Dx    Dpx  I   betay   alfay    muy    y(co)  py(co)  Dy    Dpy
 no.   name    no.      [m]  I   [m]    [1]     [2pi]  [mm]   [.001] [m]   [1]  I   [m]     [1]      [2pi]  [mm]   [.001]  [m]   [1]
 ----------------------------------------------------------------------------------------------------------------------------------
 begin RING       1     0.000   19.143 -3.180   0.000  0.0000  0.000 -1.434-0.253    6.100  1.513   0.000  0.0000  0.000  0.000 0.000
 begin FODO       1     0.000   19.143 -3.180   0.000  0.0000  0.000 -1.434-0.253    6.100  1.513   0.000  0.0000  0.000  0.000 0.000
     1 QF1        1     0.500   21.148 -0.744   0.004  0.0000  0.000 -1.514-0.065    5.054  0.623   0.015  0.0000  0.000  0.000 0.000
     2 QF1        2     1.000   20.570  1.875   0.008  0.0000  0.000 -1.498 0.126    4.801 -0.106   0.031  0.0000  0.000  0.000 0.000
     3 D4         1     2.400   15.750  1.568   0.020  0.0000  0.000 -1.322 0.126    5.512 -0.401   0.075  0.0000  0.000  0.000 0.000
     4 RB         1     5.149    8.609  1.015   0.058  0.0000  0.000 -0.785 0.264    9.308 -0.980   0.137  0.0000  0.000  0.000 0.000
     5 D0         1     5.749    7.476  0.873   0.070  0.0000  0.000 -0.627 0.264   10.560 -1.106   0.147  0.0000  0.000  0.000 0.000
     6 RB         2     8.498    4.374  0.249   0.149  0.0000  0.000  0.281 0.396   18.235 -1.685   0.179  0.0000  0.000  0.000 0.000
 begin D2SV       1     8.498    4.374  0.249   0.149  0.0000  0.000  0.281 0.396   18.235 -1.685   0.179  0.0000  0.000  0.000 0.000
     7 D400       1     8.898    4.213  0.152   0.164  0.0000  0.000  0.440 0.396   19.617 -1.770   0.182  0.0000  0.000  0.000 0.000
     8 SCV        1     9.298    4.131  0.055   0.180  0.0000  0.000  0.598 0.396   21.066 -1.854   0.185  0.0000  0.000  0.000 0.000
     9 D200       1     9.498    4.119  0.006   0.187  0.0000  0.000  0.677 0.396   21.816 -1.896   0.187  0.0000  0.000  0.000 0.000
 end   D2SV       1     9.498    4.119  0.006   0.187  0.0000  0.000  0.677 0.396   21.816 -1.896   0.187  0.0000  0.000  0.000 0.000
    10 QD1        1     9.898    4.357 -0.612   0.202  0.0000  0.000  0.854 0.489   22.272  0.775   0.190  0.0000  0.000  0.000 0.000
    11 QD1        2    10.298    5.129 -1.350   0.216  0.0000  0.000  1.072 0.606   20.616  3.298   0.193  0.0000  0.000  0.000 0.000
    12 D1         1    12.498   13.734 -2.561   0.258  0.0000  0.000  2.404 0.606    8.894  2.031   0.219  0.0000  0.000  0.000 0.000
    13 D0         2    13.098   17.006 -2.891   0.264  0.0000  0.000  2.767 0.606    6.665  1.685   0.231  0.0000  0.000  0.000 0.000
    14 QF1        3    13.598   18.859 -0.736   0.269  0.0000  0.000  2.980 0.240    5.485  0.723   0.244  0.0000  0.000  0.000 0.000
    15 QF1        4    14.098   18.417  1.601   0.273  0.0000  0.000  3.005-0.140    5.156 -0.051   0.259  0.0000  0.000  0.000 0.000
    16 D4         2    15.498   14.313  1.330   0.287  0.0000  0.000  2.809-0.140    5.681 -0.323   0.301  0.0000  0.000  0.000 0.000
    17 RB         3    18.247    8.293  0.847   0.327  0.0000  0.000  2.580-0.026    8.928 -0.858   0.364  0.0000  0.000  0.000 0.000
    18 D0         3    18.847    7.351  0.723   0.340  0.0000  0.000  2.565-0.026   10.027 -0.975   0.374  0.0000  0.000  0.000 0.000
    19 RB         4    21.596    4.853  0.181   0.415  0.0000  0.000  2.652 0.089   16.854 -1.509   0.408  0.0000  0.000  0.000 0.000
    20 D2         1    22.596    4.704 -0.032   0.449  0.0000  0.000  2.741 0.089   20.067 -1.704   0.417  0.0000  0.000  0.000 0.000
    21 QD1        3    22.996    4.998 -0.715   0.462  0.0000  0.000  2.844 0.428   20.455  0.749   0.420  0.0000  0.000  0.000 0.000
    22 QD1        4    23.396    5.885 -1.539   0.474  0.0000  0.000  3.086 0.787   18.906  3.058   0.423  0.0000  0.000  0.000 0.000
    23 D1         2    25.596   15.426 -2.798   0.511  0.0000  0.000  4.817 0.787    8.100  1.854   0.452  0.0000  0.000  0.000 0.000
    24 D0         4    26.196   18.990 -3.141   0.517  0.0000  0.000  5.290 0.787    6.073  1.525   0.465  0.0000  0.000  0.000 0.000
    25 QF1        5    26.696   20.965 -0.725   0.521  0.0000  0.000  5.513 0.101    5.015  0.636   0.480  0.0000  0.000  0.000 0.000
    26 QF1        6    27.196   20.380  1.870   0.524  0.0000  0.000  5.389-0.592    4.747 -0.089   0.496  0.0000  0.000  0.000 0.000
    27 D4         3    28.596   15.576  1.561   0.537  0.0000  0.000  4.560-0.592    5.413 -0.387   0.541  0.0000  0.000  0.000 0.000
    28 RB         5    31.344    8.483  1.004   0.575  0.0000  0.000  3.077-0.485    9.143 -0.970   0.605  0.0000  0.000  0.000 0.000
    29 D0         5    31.944    7.364  0.862   0.587  0.0000  0.000  2.786-0.485   10.383 -1.098   0.615  0.0000  0.000  0.000 0.000
    30 RB         6    34.693    4.331  0.235   0.668  0.0000  0.000  1.612-0.368   18.022 -1.681   0.647  0.0000  0.000  0.000 0.000
 begin D2SV       2    34.693    4.331  0.235   0.668  0.0000  0.000  1.612-0.368   18.022 -1.681   0.647  0.0000  0.000  0.000 0.000
    31 D400       2    35.093    4.182  0.137   0.683  0.0000  0.000  1.465-0.368   19.401 -1.766   0.650  0.0000  0.000  0.000 0.000
    32 SCV        2    35.493    4.111  0.040   0.698  0.0000  0.000  1.317-0.368   20.848 -1.851   0.653  0.0000  0.000  0.000 0.000
    33 D200       2    35.693    4.105 -0.009   0.706  0.0000  0.000  1.244-0.368   21.597 -1.894   0.655  0.0000  0.000  0.000 0.000
 end   D2SV       2    35.693    4.105 -0.009   0.706  0.0000  0.000  1.244-0.368   21.597 -1.894   0.655  0.0000  0.000  0.000 0.000
    34 QD1        5    36.093    4.355 -0.627   0.721  0.0000  0.000  1.126-0.224   22.062  0.751   0.658  0.0000  0.000  0.000 0.000
    35 QD1        6    36.493    5.140 -1.368   0.735  0.0000  0.000  1.063-0.091   20.435  3.251   0.661  0.0000  0.000  0.000 0.000
    36 D1         3    38.693   13.866 -2.598   0.777  0.0000  0.000  0.862-0.091    8.870  2.006   0.687  0.0000  0.000  0.000 0.000
    37 D0         6    39.293   17.184 -2.933   0.783  0.0000  0.000  0.808-0.091    6.667  1.666   0.699  0.0000  0.000  0.000 0.000
    38 QF1        7    39.793   19.068 -0.755   0.787  0.0000  0.000  0.737-0.189    5.505  0.707   0.713  0.0000  0.000  0.000 0.000
    39 QF1        8    40.293   18.632  1.610   0.792  0.0000  0.000  0.620-0.276    5.193 -0.070   0.728  0.0000  0.000  0.000 0.000
 begin D4SH       1    40.293   18.632  1.610   0.792  0.0000  0.000  0.620-0.276    5.193 -0.070   0.728  0.0000  0.000  0.000 0.000
    40 D200       3    40.493   17.995  1.571   0.793  0.0000  0.000  0.565-0.276    5.228 -0.108   0.734  0.0000  0.000  0.000 0.000
1BRing                                                                             "MAD" Version: 8.51/15   Run: 21/04/16  12.12.34
 Linear lattice functions.    TWISS               line: RING                       range: #S/#E                                   
 Delta(p)/p:     0.000000     symm: F             super:   1                                                             page     2
 ----------------------------------------------------------------------------------------------------------------------------------
      ELEMENT SEQUENCE       I                H O R I Z O N T A L               I                  V E R T I C A L
 pos.  element occ.     dist I   betax  alfax   mux    x(co)  px(co) Dx    Dpx  I   betay   alfay    muy    y(co)  py(co)  Dy    Dpy
 no.   name    no.      [m]  I   [m]    [1]     [2pi]  [mm]   [.001] [m]   [1]  I   [m]     [1]      [2pi]  [mm]   [.001]  [m]   [1]
 ----------------------------------------------------------------------------------------------------------------------------------
    41 SCH        1    40.893   16.770  1.494   0.797  0.0000  0.000  0.455-0.276    5.346 -0.186   0.746  0.0000  0.000  0.000 0.000
    42 D800       1    41.693   14.503  1.340   0.805  0.0000  0.000  0.234-0.276    5.767 -0.341   0.769  0.0000  0.000  0.000 0.000
 end   D4SH       1    41.693   14.503  1.340   0.805  0.0000  0.000  0.234-0.276    5.767 -0.341   0.769  0.0000  0.000  0.000 0.000
    43 RB         7    44.442    8.422  0.860   0.845  0.0000  0.000 -0.344-0.144    9.103 -0.873   0.831  0.0000  0.000  0.000 0.000
    44 D0         7    45.042    7.464  0.736   0.857  0.0000  0.000 -0.431-0.144   10.219 -0.989   0.841  0.0000  0.000  0.000 0.000
    45 RB         8    47.791    4.889  0.196   0.932  0.0000  0.000 -0.643-0.010   17.117 -1.521   0.874  0.0000  0.000  0.000 0.000
    46 D2         2    48.791    4.711 -0.017   0.966  0.0000  0.000 -0.653-0.010   20.352 -1.714   0.882  0.0000  0.000  0.000 0.000
    47 QD1        7    49.191    4.992 -0.699   0.979  0.0000  0.000 -0.673-0.090   20.735  0.774   0.886  0.0000  0.000  0.000 0.000
    48 QD1        8    49.591    5.865 -1.519   0.991  0.0000  0.000 -0.725-0.175   19.154  3.113   0.889  0.0000  0.000  0.000 0.000
    49 D1         4    51.791   15.275 -2.759   1.028  0.0000  0.000 -1.111-0.175    8.158  1.885   0.917  0.0000  0.000  0.000 0.000
    50 D0         8    52.391   18.789 -3.097   1.034  0.0000  0.000 -1.216-0.175    6.097  1.550   0.930  0.0000  0.000  0.000 0.000
    51 QF1        9    52.891   20.732 -0.707   1.038  0.0000  0.000 -1.264-0.017    5.017  0.656   0.945  0.0000  0.000  0.000 0.000
    52 QF1       10    53.391   20.144  1.858   1.041  0.0000  0.000 -1.233 0.141    4.730 -0.070   0.962  0.0000  0.000  0.000 0.000
    53 D4         4    54.791   15.374  1.549   1.054  0.0000  0.000 -1.035 0.141    5.341 -0.367   1.006  0.0000  0.000  0.000 0.000
    54 RB         9    57.540    8.354  0.990   1.093  0.0000  0.000 -0.459 0.277    8.966 -0.951   1.071  0.0000  0.000  0.000 0.000
    55 D0         9    58.140    7.252  0.848   1.105  0.0000  0.000 -0.293 0.277   10.184 -1.079   1.081  0.0000  0.000  0.000 0.000
    56 RB        10    60.889    4.301  0.219   1.187  0.0000  0.000  0.648 0.407   17.720 -1.663   1.114  0.0000  0.000  0.000 0.000
    57 D2         3    61.889    4.106 -0.024   1.225  0.0000  0.000  1.055 0.407   21.258 -1.875   1.122  0.0000  0.000  0.000 0.000
    58 QD1        9    62.289    4.369 -0.644   1.240  0.0000  0.000  1.245 0.546   21.725  0.727   1.125  0.0000  0.000  0.000 0.000
    59 QD1       10    62.689    5.169 -1.390   1.254  0.0000  0.000  1.496 0.713   20.131  3.191   1.128  0.0000  0.000  0.000 0.000
    60 D1         5    64.889   14.034 -2.639   1.295  0.0000  0.000  3.064 0.713    8.781  1.969   1.155  0.0000  0.000  0.000 0.000
    61 D0        10    65.489   17.405 -2.979   1.302  0.0000  0.000  3.492 0.713    6.618  1.636   1.167  0.0000  0.000  0.000 0.000
    62 QF1       11    65.989   19.321 -0.773   1.306  0.0000  0.000  3.735 0.253    5.482  0.685   1.181  0.0000  0.000  0.000 0.000
    63 QF1       12    66.489   18.887  1.624   1.310  0.0000  0.000  3.743-0.222    5.190 -0.089   1.196  0.0000  0.000  0.000 0.000
 begin D4SH       2    66.489   18.887  1.624   1.310  0.0000  0.000  3.743-0.222    5.190 -0.089   1.196  0.0000  0.000  0.000 0.000
    64 D200       4    66.689   18.244  1.586   1.312  0.0000  0.000  3.698-0.222    5.233 -0.128   1.202  0.0000  0.000  0.000 0.000
    65 SCH        2    67.089   17.007  1.509   1.315  0.0000  0.000  3.609-0.222    5.367 -0.206   1.214  0.0000  0.000  0.000 0.000
    66 D800       2    67.889   14.716  1.355   1.323  0.0000  0.000  3.432-0.222    5.820 -0.361   1.237  0.0000  0.000  0.000 0.000
 end   D4SH       2    67.889   14.716  1.355   1.323  0.0000  0.000  3.432-0.222    5.820 -0.361   1.237  0.0000  0.000  0.000 0.000
    67 RB        11    70.638    8.550  0.876   1.363  0.0000  0.000  2.974-0.111    9.273 -0.895   1.298  0.0000  0.000  0.000 0.000
    68 D0        11    71.238    7.574  0.752   1.375  0.0000  0.000  2.908-0.111   10.417 -1.012   1.308  0.0000  0.000  0.000 0.000
    69 RB        12    73.987    4.912  0.211   1.449  0.0000  0.000  2.759 0.003   17.446 -1.545   1.340  0.0000  0.000  0.000 0.000
 begin D2SV       3    73.987    4.912  0.211   1.449  0.0000  0.000  2.759 0.003   17.446 -1.545   1.340  0.0000  0.000  0.000 0.000
    70 D400       3    74.387    4.777  0.126   1.462  0.0000  0.000  2.760 0.003   18.713 -1.623   1.344  0.0000  0.000  0.000 0.000
    71 SCV        3    74.787    4.710  0.041   1.475  0.0000  0.000  2.761 0.003   20.043 -1.701   1.347  0.0000  0.000  0.000 0.000
    72 D200       5    74.987    4.702 -0.002   1.482  0.0000  0.000  2.762 0.003   20.731 -1.740   1.349  0.0000  0.000  0.000 0.000
 end   D2SV       3    74.987    4.702 -0.002   1.482  0.0000  0.000  2.762 0.003   20.731 -1.740   1.349  0.0000  0.000  0.000 0.000
    73 QD1       11    75.387    4.971 -0.681   1.495  0.0000  0.000  2.830 0.342   21.115  0.795   1.352  0.0000  0.000  0.000 0.000
    74 QD1       12    75.787    5.827 -1.495   1.507  0.0000  0.000  3.037 0.698   19.500  3.177   1.355  0.0000  0.000  0.000 0.000
    75 D1         6    77.987   15.092 -2.716   1.545  0.0000  0.000  4.572 0.698    8.274  1.926   1.383  0.0000  0.000  0.000 0.000
    76 D0        12    78.587   18.551 -3.049   1.551  0.0000  0.000  4.991 0.698    6.168  1.584   1.396  0.0000  0.000  0.000 0.000
    77 QF1       13    79.087   20.461 -0.690   1.555  0.0000  0.000  5.179 0.051    5.060  0.679   1.410  0.0000  0.000  0.000 0.000
    78 QF1       14    79.587   19.873  1.841   1.559  0.0000  0.000  5.041-0.598    4.753 -0.051   1.427  0.0000  0.000  0.000 0.000
    79 D4         5    80.987   15.152  1.532   1.572  0.0000  0.000  4.204-0.598    5.309 -0.346   1.472  0.0000  0.000  0.000 0.000
    80 RB        13    83.736    8.229  0.973   1.611  0.0000  0.000  2.707-0.489    8.808 -0.926   1.538  0.0000  0.000  0.000 0.000
    81 D0        13    84.336    7.147  0.831   1.623  0.0000  0.000  2.414-0.489    9.996 -1.053   1.548  0.0000  0.000  0.000 0.000
    82 RB        14    87.085    4.286  0.204   1.706  0.0000  0.000  1.233-0.369   17.379 -1.633   1.581  0.0000  0.000  0.000 0.000
1BRing                                                                             "MAD" Version: 8.51/15   Run: 21/04/16  12.12.34
 Linear lattice functions.    TWISS               line: RING                       range: #S/#E                                   
 Delta(p)/p:     0.000000     symm: F             super:   1                                                             page     3
 ----------------------------------------------------------------------------------------------------------------------------------
      ELEMENT SEQUENCE       I                H O R I Z O N T A L               I                  V E R T I C A L
 pos.  element occ.     dist I   betax  alfax   mux    x(co)  px(co) Dx    Dpx  I   betay   alfay    muy    y(co)  py(co)  Dy    Dpy
 no.   name    no.      [m]  I   [m]    [1]     [2pi]  [mm]   [.001] [m]   [1]  I   [m]     [1]      [2pi]  [mm]   [.001]  [m]   [1]
 ----------------------------------------------------------------------------------------------------------------------------------
    83 D2         4    88.085    4.122 -0.039   1.744  0.0000  0.000  0.864-0.369   20.856 -1.844   1.590  0.0000  0.000  0.000 0.000
    84 QD1       13    88.485    4.398 -0.662   1.759  0.0000  0.000  0.736-0.272   21.318  0.709   1.593  0.0000  0.000  0.000 0.000
    85 QD1       14    88.885    5.215 -1.415   1.773  0.0000  0.000  0.644-0.188   19.758  3.126   1.596  0.0000  0.000  0.000 0.000
    86 D1         7    91.085   14.230 -2.682   1.814  0.0000  0.000  0.229-0.188    8.643  1.927   1.623  0.0000  0.000  0.000 0.000
    87 D0        14    91.685   17.656 -3.028   1.820  0.0000  0.000  0.116-0.188    6.527  1.599   1.635  0.0000  0.000  0.000 0.000
    88 QF1       15    92.185   19.606 -0.789   1.824  0.0000  0.000  0.019-0.197    5.420  0.661   1.649  0.0000  0.000  0.000 0.000
    89 QF1       16    92.685   19.169  1.645   1.828  0.0000  0.000 -0.079-0.193    5.148 -0.106   1.664  0.0000  0.000  0.000 0.000
    90 D4         6    94.085   14.943  1.374   1.841  0.0000  0.000 -0.349-0.193    5.830 -0.381   1.705  0.0000  0.000  0.000 0.000
    91 RB        15    96.833    8.672  0.894   1.880  0.0000  0.000 -0.697-0.059    9.411 -0.921   1.766  0.0000  0.000  0.000 0.000
    92 D0        15    97.433    7.673  0.770   1.892  0.0000  0.000 -0.732-0.059   10.587 -1.039   1.775  0.0000  0.000  0.000 0.000
    93 RB        16   100.182    4.919  0.227   1.965  0.0000  0.000 -0.708 0.077   17.784 -1.579   1.807  0.0000  0.000  0.000 0.000
 begin D2SV       4   100.182    4.919  0.227   1.965  0.0000  0.000 -0.708 0.077   17.784 -1.579   1.807  0.0000  0.000  0.000 0.000
    94 D400       4   100.582    4.772  0.141   1.978  0.0000  0.000 -0.677 0.077   19.078 -1.658   1.811  0.0000  0.000  0.000 0.000
    95 SCV        4   100.982    4.693  0.056   1.992  0.0000  0.000 -0.647 0.077   20.436 -1.736   1.814  0.0000  0.000  0.000 0.000
    96 D200       6   101.182    4.679  0.013   1.999  0.0000  0.000 -0.631 0.077   21.138 -1.775   1.816  0.0000  0.000  0.000 0.000
 end   D2SV       4   101.182    4.679  0.013   1.999  0.0000  0.000 -0.631 0.077   21.138 -1.775   1.816  0.0000  0.000  0.000 0.000
    97 QD1       15   101.582    4.935 -0.662   2.012  0.0000  0.000 -0.616 0.001   21.531  0.810   1.819  0.0000  0.000  0.000 0.000
    98 QD1       16   101.982    5.774 -1.469   2.024  0.0000  0.000 -0.631-0.075   19.884  3.240   1.822  0.0000  0.000  0.000 0.000
    99 D1         8   104.182   14.885 -2.672   2.062  0.0000  0.000 -0.795-0.075    8.428  1.968   1.849  0.0000  0.000  0.000 0.000
   100 D0        16   104.782   18.288 -3.001   2.068  0.0000  0.000 -0.840-0.075    6.275  1.621   1.862  0.0000  0.000  0.000 0.000
 end   FODO       1   104.782   18.288 -3.001   2.068  0.0000  0.000 -0.840-0.075    6.275  1.621   1.862  0.0000  0.000  0.000 0.000
 begin STRAIGHT   1   104.782   18.288 -3.001   2.068  0.0000  0.000 -0.840-0.075    6.275  1.621   1.862  0.0000  0.000  0.000 0.000
   101 MD         1   104.782   18.288 -3.001   2.068  0.0000  0.000 -0.840-0.075    6.275  1.621   1.862  0.0000  0.000  0.000 0.000
   102 QF3        1   105.282   20.521 -1.398   2.072  0.0000  0.000 -0.858 0.002    5.039  0.888   1.876  0.0000  0.000  0.000 0.000
   103 QF3        2   105.782   21.001  0.453   2.076  0.0000  0.000 -0.837 0.079    4.444  0.318   1.893  0.0000  0.000  0.000 0.000
   104 D3         1   106.782   20.152  0.396   2.084  0.0000  0.000 -0.758 0.079    4.056  0.070   1.931  0.0000  0.000  0.000 0.000
   105 DB         1   109.531   18.411  0.238   2.106  0.0000  0.000 -0.541 0.079    5.541 -0.611   2.029  0.0000  0.000  0.000 0.000
   106 D1         9   111.731   17.642  0.112   2.126  0.0000  0.000 -0.367 0.079    9.428 -1.156   2.079  0.0000  0.000  0.000 0.000
   107 QDS1       1   112.731   23.250 -6.267   2.134  0.0000  0.000 -0.340-0.024    8.983  1.555   2.095  0.0000  0.000  0.000 0.000
   108 D0        17   113.331   31.395 -7.307   2.138  0.0000  0.000 -0.355-0.024    7.254  1.327   2.107  0.0000  0.000  0.000 0.000
   109 MD5        1   113.331   31.395 -7.307   2.138  0.0000  0.000 -0.355-0.024    7.254  1.327   2.107  0.0000  0.000  0.000 0.000
   110 QFS1       1   114.331   36.759  2.466   2.142  0.0000  0.000 -0.328 0.076    6.771 -0.798   2.131  0.0000  0.000  0.000 0.000
   111 D3         2   115.331   32.020  2.273   2.147  0.0000  0.000 -0.252 0.076    8.608 -1.040   2.152  0.0000  0.000  0.000 0.000
   112 DB         2   118.080   20.978  1.744   2.164  0.0000  0.000 -0.042 0.076   16.150 -1.704   2.189  0.0000  0.000  0.000 0.000
   113 D1        10   120.280   14.237  1.320   2.184  0.0000  0.000  0.126 0.076   24.817 -2.236   2.207  0.0000  0.000  0.000 0.000
   114 D1        11   122.480    9.362  0.896   2.215  0.0000  0.000  0.294 0.076   35.824 -2.767   2.219  0.0000  0.000  0.000 0.000
   115 QDS2       1   123.480   10.474 -2.116   2.232  0.0000  0.000  0.419 0.180   30.913  7.182   2.223  0.0000  0.000  0.000 0.000
   116 MD3        1   123.480   10.474 -2.116   2.232  0.0000  0.000  0.419 0.180   30.913  7.182   2.223  0.0000  0.000  0.000 0.000
   117 DS6        1   124.080   13.201 -2.430   2.240  0.0000  0.000  0.527 0.180   22.907  6.162   2.227  0.0000  0.000  0.000 0.000
   118 QFS2       1   125.080   14.895  0.872   2.251  0.0000  0.000  0.638 0.038   16.287  0.977   2.235  0.0000  0.000  0.000 0.000
   119 MD1        1   125.080   14.895  0.872   2.251  0.0000  0.000  0.638 0.038   16.287  0.977   2.235  0.0000  0.000  0.000 0.000
   120 DS7        1   133.080    8.505 -0.073   2.376  0.0000  0.000  0.940 0.038    8.338  0.017   2.356  0.0000  0.000  0.000 0.000
   121 S1         1   133.080    8.505 -0.073   2.376  0.0000  0.000  0.940 0.038    8.338  0.017   2.356  0.0000  0.000  0.000 0.000
   122 DS7        2   141.080   17.246 -1.019   2.491  0.0000  0.000  1.243 0.038   15.744 -0.943   2.479  0.0000  0.000  0.000 0.000
   123 MD2        1   141.080   17.246 -1.019   2.491  0.0000  0.000  1.243 0.038   15.744 -0.943   2.479  0.0000  0.000  0.000 0.000
   124 QDS20      1   142.080   24.712 -7.087   2.499  0.0000  0.000  1.448 0.383   13.652  2.849   2.489  0.0000  0.000  0.000 0.000
   125 DS6        2   142.680   33.963 -8.331   2.503  0.0000  0.000  1.678 0.383   10.474  2.448   2.497  0.0000  0.000  0.000 0.000
1BRing                                                                             "MAD" Version: 8.51/15   Run: 21/04/16  12.12.34
 Linear lattice functions.    TWISS               line: RING                       range: #S/#E                                   
 Delta(p)/p:     0.000000     symm: F             super:   1                                                             page     4
 ----------------------------------------------------------------------------------------------------------------------------------
      ELEMENT SEQUENCE       I                H O R I Z O N T A L               I                  V E R T I C A L
 pos.  element occ.     dist I   betax  alfax   mux    x(co)  px(co) Dx    Dpx  I   betay   alfay    muy    y(co)  py(co)  Dy    Dpy
 no.   name    no.      [m]  I   [m]    [1]     [2pi]  [mm]   [.001] [m]   [1]  I   [m]     [1]      [2pi]  [mm]   [.001]  [m]   [1]
 ----------------------------------------------------------------------------------------------------------------------------------
   126 MD4        1   142.680   33.963 -8.331   2.503  0.0000  0.000  1.678 0.383   10.474  2.448   2.497  0.0000  0.000  0.000 0.000
   127 QFS20      1   143.680   39.964  2.953   2.507  0.0000  0.000  1.792-0.160    8.790 -0.596   2.515  0.0000  0.000  0.000 0.000
   128 D3         3   144.680   34.301  2.710   2.511  0.0000  0.000  1.632-0.160   10.137 -0.751   2.531  0.0000  0.000  0.000 0.000
   129 DB         3   147.429   21.243  2.041   2.527  0.0000  0.000  1.191-0.160   15.430 -1.175   2.567  0.0000  0.000  0.000 0.000
   130 D1        12   149.629   13.439  1.506   2.548  0.0000  0.000  0.838-0.160   21.345 -1.514   2.586  0.0000  0.000  0.000 0.000
   131 D1        13   151.829    7.989  0.971   2.582  0.0000  0.000  0.486-0.160   28.753 -1.853   2.600  0.0000  0.000  0.000 0.000
   132 QDS10      1   152.829    8.266 -1.272   2.603  0.0000  0.000  0.384-0.047   24.996  5.271   2.606  0.0000  0.000  0.000 0.000
   133 D0        18   153.429    9.906 -1.462   2.613  0.0000  0.000  0.356-0.047   19.086  4.580   2.610  0.0000  0.000  0.000 0.000
   134 QFS10      1   154.429   10.129  1.260   2.628  0.0000  0.000  0.263-0.134   15.158 -0.299   2.620  0.0000  0.000  0.000 0.000
   135 D3         4   155.429    7.865  1.004   2.646  0.0000  0.000  0.129-0.134   15.827 -0.370   2.630  0.0000  0.000  0.000 0.000
   136 DB         4   158.178    4.273  0.302   2.725  0.0000  0.000 -0.240-0.134   18.407 -0.568   2.656  0.0000  0.000  0.000 0.000
   137 D1        14   160.378    4.179 -0.260   2.812  0.0000  0.000 -0.536-0.134   21.254 -0.726   2.674  0.0000  0.000  0.000 0.000
   138 QD3        1   160.878    4.714 -0.827   2.830  0.0000  0.000 -0.616-0.189   20.979  1.267   2.678  0.0000  0.000  0.000 0.000
   139 QD3        2   161.378    5.887 -1.555   2.845  0.0000  0.000 -0.726-0.253   18.799  3.022   2.682  0.0000  0.000  0.000 0.000
   140 D1        15   163.578   15.536 -2.832   2.882  0.0000  0.000 -1.282-0.253    8.110  1.836   2.710  0.0000  0.000  0.000 0.000
   141 D0        19   164.178   19.143 -3.180   2.888  0.0000  0.000 -1.434-0.253    6.100  1.513   2.724  0.0000  0.000  0.000 0.000
   142 MD3        2   164.178   19.143 -3.180   2.888  0.0000  0.000 -1.434-0.253    6.100  1.513   2.724  0.0000  0.000  0.000 0.000
 end   STRAIGHT   1   164.178   19.143 -3.180   2.888  0.0000  0.000 -1.434-0.253    6.100  1.513   2.724  0.0000  0.000  0.000 0.000
 begin FODO       2   164.178   19.143 -3.180   2.888  0.0000  0.000 -1.434-0.253    6.100  1.513   2.724  0.0000  0.000  0.000 0.000
   143 QF1       17   164.678   21.148 -0.744   2.892  0.0000  0.000 -1.514-0.065    5.054  0.623   2.738  0.0000  0.000  0.000 0.000
   144 QF1       18   165.178   20.570  1.875   2.895  0.0000  0.000 -1.498 0.126    4.801 -0.106   2.754  0.0000  0.000  0.000 0.000
   145 D4         7   166.578   15.750  1.568   2.908  0.0000  0.000 -1.322 0.126    5.512 -0.401   2.798  0.0000  0.000  0.000 0.000
   146 RB        17   169.327    8.609  1.015   2.946  0.0000  0.000 -0.785 0.264    9.308 -0.980   2.861  0.0000  0.000  0.000 0.000
   147 D0        20   169.927    7.476  0.873   2.958  0.0000  0.000 -0.627 0.264   10.560 -1.106   2.871  0.0000  0.000  0.000 0.000
   148 RB        18   172.676    4.374  0.249   3.037  0.0000  0.000  0.281 0.396   18.235 -1.685   2.902  0.0000  0.000  0.000 0.000
 begin D2SV       5   172.676    4.374  0.249   3.037  0.0000  0.000  0.281 0.396   18.235 -1.685   2.902  0.0000  0.000  0.000 0.000
   149 D400       5   173.076    4.213  0.152   3.052  0.0000  0.000  0.440 0.396   19.617 -1.770   2.906  0.0000  0.000  0.000 0.000
   150 SCV        5   173.476    4.131  0.055   3.067  0.0000  0.000  0.598 0.396   21.066 -1.854   2.909  0.0000  0.000  0.000 0.000
   151 D200       7   173.676    4.119  0.006   3.075  0.0000  0.000  0.677 0.396   21.816 -1.896   2.910  0.0000  0.000  0.000 0.000
 end   D2SV       5   173.676    4.119  0.006   3.075  0.0000  0.000  0.677 0.396   21.816 -1.896   2.910  0.0000  0.000  0.000 0.000
   152 QD1       17   174.076    4.357 -0.612   3.090  0.0000  0.000  0.854 0.489   22.272  0.775   2.913  0.0000  0.000  0.000 0.000
   153 QD1       18   174.476    5.129 -1.350   3.104  0.0000  0.000  1.072 0.606   20.616  3.298   2.916  0.0000  0.000  0.000 0.000
   154 D1        16   176.676   13.734 -2.561   3.146  0.0000  0.000  2.404 0.606    8.894  2.031   2.942  0.0000  0.000  0.000 0.000
   155 D0        21   177.276   17.006 -2.891   3.152  0.0000  0.000  2.767 0.606    6.665  1.685   2.955  0.0000  0.000  0.000 0.000
   156 QF1       19   177.776   18.859 -0.736   3.157  0.0000  0.000  2.980 0.240    5.485  0.723   2.968  0.0000  0.000  0.000 0.000
   157 QF1       20   178.276   18.417  1.601   3.161  0.0000  0.000  3.005-0.140    5.156 -0.051   2.983  0.0000  0.000  0.000 0.000
   158 D4         8   179.676   14.313  1.330   3.175  0.0000  0.000  2.809-0.140    5.681 -0.323   3.025  0.0000  0.000  0.000 0.000
   159 RB        19   182.425    8.293  0.847   3.215  0.0000  0.000  2.580-0.026    8.928 -0.858   3.088  0.0000  0.000  0.000 0.000
   160 D0        22   183.025    7.351  0.723   3.227  0.0000  0.000  2.565-0.026   10.027 -0.975   3.098  0.0000  0.000  0.000 0.000
   161 RB        20   185.773    4.853  0.181   3.303  0.0000  0.000  2.652 0.089   16.854 -1.509   3.132  0.0000  0.000  0.000 0.000
   162 D2         5   186.773    4.704 -0.032   3.337  0.0000  0.000  2.741 0.089   20.067 -1.704   3.140  0.0000  0.000  0.000 0.000
   163 QD1       19   187.173    4.998 -0.715   3.350  0.0000  0.000  2.844 0.428   20.455  0.749   3.144  0.0000  0.000  0.000 0.000
   164 QD1       20   187.573    5.885 -1.539   3.362  0.0000  0.000  3.086 0.787   18.906  3.058   3.147  0.0000  0.000  0.000 0.000
   165 D1        17   189.773   15.426 -2.798   3.399  0.0000  0.000  4.817 0.787    8.100  1.854   3.175  0.0000  0.000  0.000 0.000
   166 D0        23   190.373   18.990 -3.141   3.405  0.0000  0.000  5.290 0.787    6.073  1.525   3.189  0.0000  0.000  0.000 0.000
   167 QF1       21   190.873   20.965 -0.725   3.408  0.0000  0.000  5.513 0.101    5.015  0.636   3.203  0.0000  0.000  0.000 0.000
   168 QF1       22   191.373   20.380  1.870   3.412  0.0000  0.000  5.389-0.592    4.747 -0.089   3.220  0.0000  0.000  0.000 0.000
1BRing                                                                             "MAD" Version: 8.51/15   Run: 21/04/16  12.12.34
 Linear lattice functions.    TWISS               line: RING                       range: #S/#E                                   
 Delta(p)/p:     0.000000     symm: F             super:   1                                                             page     5
 ----------------------------------------------------------------------------------------------------------------------------------
      ELEMENT SEQUENCE       I                H O R I Z O N T A L               I                  V E R T I C A L
 pos.  element occ.     dist I   betax  alfax   mux    x(co)  px(co) Dx    Dpx  I   betay   alfay    muy    y(co)  py(co)  Dy    Dpy
 no.   name    no.      [m]  I   [m]    [1]     [2pi]  [mm]   [.001] [m]   [1]  I   [m]     [1]      [2pi]  [mm]   [.001]  [m]   [1]
 ----------------------------------------------------------------------------------------------------------------------------------
   169 D4         9   192.773   15.576  1.561   3.425  0.0000  0.000  4.560-0.592    5.413 -0.387   3.264  0.0000  0.000  0.000 0.000
   170 RB        21   195.522    8.483  1.004   3.463  0.0000  0.000  3.077-0.485    9.143 -0.970   3.328  0.0000  0.000  0.000 0.000
   171 D0        24   196.122    7.364  0.862   3.475  0.0000  0.000  2.786-0.485   10.383 -1.098   3.338  0.0000  0.000  0.000 0.000
   172 RB        22   198.871    4.331  0.235   3.556  0.0000  0.000  1.612-0.368   18.022 -1.681   3.370  0.0000  0.000  0.000 0.000
 begin D2SV       6   198.871    4.331  0.235   3.556  0.0000  0.000  1.612-0.368   18.022 -1.681   3.370  0.0000  0.000  0.000 0.000
   173 D400       6   199.271    4.182  0.137   3.571  0.0000  0.000  1.465-0.368   19.401 -1.766   3.374  0.0000  0.000  0.000 0.000
   174 SCV        6   199.671    4.111  0.040   3.586  0.0000  0.000  1.317-0.368   20.848 -1.851   3.377  0.0000  0.000  0.000 0.000
   175 D200       8   199.871    4.105 -0.009   3.594  0.0000  0.000  1.244-0.368   21.597 -1.894   3.378  0.0000  0.000  0.000 0.000
 end   D2SV       6   199.871    4.105 -0.009   3.594  0.0000  0.000  1.244-0.368   21.597 -1.894   3.378  0.0000  0.000  0.000 0.000
   176 QD1       21   200.271    4.355 -0.627   3.609  0.0000  0.000  1.126-0.224   22.062  0.751   3.381  0.0000  0.000  0.000 0.000
   177 QD1       22   200.671    5.140 -1.368   3.623  0.0000  0.000  1.063-0.091   20.435  3.251   3.384  0.0000  0.000  0.000 0.000
   178 D1        18   202.871   13.866 -2.598   3.665  0.0000  0.000  0.862-0.091    8.870  2.006   3.410  0.0000  0.000  0.000 0.000
   179 D0        25   203.471   17.184 -2.933   3.671  0.0000  0.000  0.808-0.091    6.667  1.666   3.423  0.0000  0.000  0.000 0.000
   180 QF1       23   203.971   19.068 -0.755   3.675  0.0000  0.000  0.737-0.189    5.505  0.707   3.436  0.0000  0.000  0.000 0.000
   181 QF1       24   204.471   18.632  1.610   3.679  0.0000  0.000  0.620-0.276    5.193 -0.070   3.451  0.0000  0.000  0.000 0.000
 begin D4SH       3   204.471   18.632  1.610   3.679  0.0000  0.000  0.620-0.276    5.193 -0.070   3.451  0.0000  0.000  0.000 0.000
   182 D200       9   204.671   17.995  1.571   3.681  0.0000  0.000  0.565-0.276    5.228 -0.108   3.457  0.0000  0.000  0.000 0.000
   183 SCH        3   205.071   16.770  1.494   3.685  0.0000  0.000  0.455-0.276    5.346 -0.186   3.469  0.0000  0.000  0.000 0.000
   184 D800       3   205.871   14.503  1.340   3.693  0.0000  0.000  0.234-0.276    5.767 -0.341   3.492  0.0000  0.000  0.000 0.000
 end   D4SH       3   205.871   14.503  1.340   3.693  0.0000  0.000  0.234-0.276    5.767 -0.341   3.492  0.0000  0.000  0.000 0.000
   185 RB        23   208.620    8.422  0.860   3.733  0.0000  0.000 -0.344-0.144    9.103 -0.873   3.554  0.0000  0.000  0.000 0.000
   186 D0        26   209.220    7.464  0.736   3.745  0.0000  0.000 -0.431-0.144   10.219 -0.989   3.564  0.0000  0.000  0.000 0.000
   187 RB        24   211.969    4.889  0.196   3.820  0.0000  0.000 -0.643-0.010   17.117 -1.521   3.598  0.0000  0.000  0.000 0.000
   188 D2         6   212.969    4.711 -0.017   3.853  0.0000  0.000 -0.653-0.010   20.352 -1.714   3.606  0.0000  0.000  0.000 0.000
   189 QD1       23   213.369    4.992 -0.699   3.867  0.0000  0.000 -0.673-0.090   20.735  0.774   3.609  0.0000  0.000  0.000 0.000
   190 QD1       24   213.769    5.865 -1.519   3.878  0.0000  0.000 -0.725-0.175   19.154  3.113   3.612  0.0000  0.000  0.000 0.000
   191 D1        19   215.969   15.275 -2.759   3.916  0.0000  0.000 -1.111-0.175    8.158  1.885   3.641  0.0000  0.000  0.000 0.000
   192 D0        27   216.569   18.789 -3.097   3.921  0.0000  0.000 -1.216-0.175    6.097  1.550   3.654  0.0000  0.000  0.000 0.000
   193 QF1       25   217.069   20.732 -0.707   3.925  0.0000  0.000 -1.264-0.017    5.017  0.656   3.669  0.0000  0.000  0.000 0.000
   194 QF1       26   217.569   20.144  1.858   3.929  0.0000  0.000 -1.233 0.141    4.730 -0.070   3.685  0.0000  0.000  0.000 0.000
   195 D4        10   218.969   15.374  1.549   3.942  0.0000  0.000 -1.035 0.141    5.341 -0.367   3.730  0.0000  0.000  0.000 0.000
   196 RB        25   221.718    8.354  0.990   3.981  0.0000  0.000 -0.459 0.277    8.966 -0.951   3.795  0.0000  0.000  0.000 0.000
   197 D0        28   222.318    7.252  0.848   3.993  0.0000  0.000 -0.293 0.277   10.184 -1.079   3.805  0.0000  0.000  0.000 0.000
   198 RB        26   225.067    4.301  0.219   4.075  0.0000  0.000  0.648 0.407   17.720 -1.663   3.838  0.0000  0.000  0.000 0.000
   199 D2         7   226.067    4.106 -0.024   4.113  0.0000  0.000  1.055 0.407   21.258 -1.875   3.846  0.0000  0.000  0.000 0.000
   200 QD1       25   226.467    4.369 -0.644   4.128  0.0000  0.000  1.245 0.546   21.725  0.727   3.849  0.0000  0.000  0.000 0.000
   201 QD1       26   226.867    5.169 -1.390   4.142  0.0000  0.000  1.496 0.713   20.131  3.191   3.852  0.0000  0.000  0.000 0.000
   202 D1        20   229.067   14.034 -2.639   4.183  0.0000  0.000  3.064 0.713    8.781  1.969   3.879  0.0000  0.000  0.000 0.000
   203 D0        29   229.667   17.405 -2.979   4.189  0.0000  0.000  3.492 0.713    6.618  1.636   3.891  0.0000  0.000  0.000 0.000
   204 QF1       27   230.167   19.321 -0.773   4.194  0.0000  0.000  3.735 0.253    5.482  0.685   3.904  0.0000  0.000  0.000 0.000
   205 QF1       28   230.667   18.887  1.624   4.198  0.0000  0.000  3.743-0.222    5.190 -0.089   3.920  0.0000  0.000  0.000 0.000
 begin D4SH       4   230.667   18.887  1.624   4.198  0.0000  0.000  3.743-0.222    5.190 -0.089   3.920  0.0000  0.000  0.000 0.000
   206 D200      10   230.867   18.244  1.586   4.200  0.0000  0.000  3.698-0.222    5.233 -0.128   3.926  0.0000  0.000  0.000 0.000
   207 SCH        4   231.267   17.007  1.509   4.203  0.0000  0.000  3.609-0.222    5.367 -0.206   3.938  0.0000  0.000  0.000 0.000
   208 D800       4   232.067   14.716  1.355   4.211  0.0000  0.000  3.432-0.222    5.820 -0.361   3.961  0.0000  0.000  0.000 0.000
 end   D4SH       4   232.067   14.716  1.355   4.211  0.0000  0.000  3.432-0.222    5.820 -0.361   3.961  0.0000  0.000  0.000 0.000
   209 RB        27   234.816    8.550  0.876   4.250  0.0000  0.000  2.974-0.111    9.273 -0.895   4.022  0.0000  0.000  0.000 0.000
1BRing                                                                             "MAD" Version: 8.51/15   Run: 21/04/16  12.12.34
 Linear lattice functions.    TWISS               line: RING                       range: #S/#E                                   
 Delta(p)/p:     0.000000     symm: F             super:   1                                                             page     6
 ----------------------------------------------------------------------------------------------------------------------------------
      ELEMENT SEQUENCE       I                H O R I Z O N T A L               I                  V E R T I C A L
 pos.  element occ.     dist I   betax  alfax   mux    x(co)  px(co) Dx    Dpx  I   betay   alfay    muy    y(co)  py(co)  Dy    Dpy
 no.   name    no.      [m]  I   [m]    [1]     [2pi]  [mm]   [.001] [m]   [1]  I   [m]     [1]      [2pi]  [mm]   [.001]  [m]   [1]
 ----------------------------------------------------------------------------------------------------------------------------------
   210 D0        30   235.416    7.574  0.752   4.262  0.0000  0.000  2.908-0.111   10.417 -1.012   4.031  0.0000  0.000  0.000 0.000
   211 RB        28   238.165    4.912  0.211   4.337  0.0000  0.000  2.759 0.003   17.446 -1.545   4.064  0.0000  0.000  0.000 0.000
 begin D2SV       7   238.165    4.912  0.211   4.337  0.0000  0.000  2.759 0.003   17.446 -1.545   4.064  0.0000  0.000  0.000 0.000
   212 D400       7   238.565    4.777  0.126   4.350  0.0000  0.000  2.760 0.003   18.713 -1.623   4.067  0.0000  0.000  0.000 0.000
   213 SCV        7   238.965    4.710  0.041   4.363  0.0000  0.000  2.761 0.003   20.043 -1.701   4.071  0.0000  0.000  0.000 0.000
   214 D200      11   239.165    4.702 -0.002   4.370  0.0000  0.000  2.762 0.003   20.731 -1.740   4.072  0.0000  0.000  0.000 0.000
 end   D2SV       7   239.165    4.702 -0.002   4.370  0.0000  0.000  2.762 0.003   20.731 -1.740   4.072  0.0000  0.000  0.000 0.000
   215 QD1       27   239.565    4.971 -0.681   4.383  0.0000  0.000  2.830 0.342   21.115  0.795   4.075  0.0000  0.000  0.000 0.000
   216 QD1       28   239.965    5.827 -1.495   4.395  0.0000  0.000  3.037 0.698   19.500  3.177   4.078  0.0000  0.000  0.000 0.000
   217 D1        21   242.165   15.092 -2.716   4.433  0.0000  0.000  4.572 0.698    8.274  1.926   4.106  0.0000  0.000  0.000 0.000
   218 D0        31   242.765   18.551 -3.049   4.439  0.0000  0.000  4.991 0.698    6.168  1.584   4.120  0.0000  0.000  0.000 0.000
   219 QF1       29   243.265   20.461 -0.690   4.443  0.0000  0.000  5.179 0.051    5.060  0.679   4.134  0.0000  0.000  0.000 0.000
   220 QF1       30   243.765   19.873  1.841   4.446  0.0000  0.000  5.041-0.598    4.753 -0.051   4.150  0.0000  0.000  0.000 0.000
   221 D4        11   245.165   15.152  1.532   4.459  0.0000  0.000  4.204-0.598    5.309 -0.346   4.195  0.0000  0.000  0.000 0.000
   222 RB        29   247.913    8.229  0.973   4.499  0.0000  0.000  2.707-0.489    8.808 -0.926   4.261  0.0000  0.000  0.000 0.000
   223 D0        32   248.513    7.147  0.831   4.511  0.0000  0.000  2.414-0.489    9.996 -1.053   4.271  0.0000  0.000  0.000 0.000
   224 RB        30   251.262    4.286  0.204   4.594  0.0000  0.000  1.233-0.369   17.379 -1.633   4.305  0.0000  0.000  0.000 0.000
   225 D2         8   252.262    4.122 -0.039   4.632  0.0000  0.000  0.864-0.369   20.856 -1.844   4.313  0.0000  0.000  0.000 0.000
   226 QD1       29   252.662    4.398 -0.662   4.647  0.0000  0.000  0.736-0.272   21.318  0.709   4.316  0.0000  0.000  0.000 0.000
   227 QD1       30   253.062    5.215 -1.415   4.660  0.0000  0.000  0.644-0.188   19.758  3.126   4.319  0.0000  0.000  0.000 0.000
   228 D1        22   255.262   14.230 -2.682   4.702  0.0000  0.000  0.229-0.188    8.643  1.927   4.346  0.0000  0.000  0.000 0.000
   229 D0        33   255.862   17.656 -3.028   4.708  0.0000  0.000  0.116-0.188    6.527  1.599   4.359  0.0000  0.000  0.000 0.000
   230 QF1       31   256.362   19.606 -0.789   4.712  0.0000  0.000  0.019-0.197    5.420  0.661   4.372  0.0000  0.000  0.000 0.000
   231 QF1       32   256.862   19.169  1.645   4.716  0.0000  0.000 -0.079-0.193    5.148 -0.106   4.388  0.0000  0.000  0.000 0.000
   232 D4        12   258.262   14.943  1.374   4.729  0.0000  0.000 -0.349-0.193    5.830 -0.381   4.429  0.0000  0.000  0.000 0.000
   233 RB        31   261.011    8.672  0.894   4.768  0.0000  0.000 -0.697-0.059    9.411 -0.921   4.489  0.0000  0.000  0.000 0.000
   234 D0        34   261.611    7.673  0.770   4.779  0.0000  0.000 -0.732-0.059   10.587 -1.039   4.499  0.0000  0.000  0.000 0.000
   235 RB        32   264.360    4.919  0.227   4.853  0.0000  0.000 -0.708 0.077   17.784 -1.579   4.531  0.0000  0.000  0.000 0.000
 begin D2SV       8   264.360    4.919  0.227   4.853  0.0000  0.000 -0.708 0.077   17.784 -1.579   4.531  0.0000  0.000  0.000 0.000
   236 D400       8   264.760    4.772  0.141   4.866  0.0000  0.000 -0.677 0.077   19.078 -1.658   4.534  0.0000  0.000  0.000 0.000
   237 SCV        8   265.160    4.693  0.056   4.880  0.0000  0.000 -0.647 0.077   20.436 -1.736   4.538  0.0000  0.000  0.000 0.000
   238 D200      12   265.360    4.679  0.013   4.887  0.0000  0.000 -0.631 0.077   21.138 -1.775   4.539  0.0000  0.000  0.000 0.000
 end   D2SV       8   265.360    4.679  0.013   4.887  0.0000  0.000 -0.631 0.077   21.138 -1.775   4.539  0.0000  0.000  0.000 0.000
   239 QD1       31   265.760    4.935 -0.662   4.900  0.0000  0.000 -0.616 0.001   21.531  0.810   4.542  0.0000  0.000  0.000 0.000
   240 QD1       32   266.160    5.774 -1.469   4.912  0.0000  0.000 -0.631-0.075   19.884  3.240   4.545  0.0000  0.000  0.000 0.000
   241 D1        23   268.360   14.885 -2.672   4.950  0.0000  0.000 -0.795-0.075    8.428  1.968   4.572  0.0000  0.000  0.000 0.000
   242 D0        35   268.960   18.288 -3.001   4.956  0.0000  0.000 -0.840-0.075    6.275  1.621   4.586  0.0000  0.000  0.000 0.000
 end   FODO       2   268.960   18.288 -3.001   4.956  0.0000  0.000 -0.840-0.075    6.275  1.621   4.586  0.0000  0.000  0.000 0.000
 begin STRAIGHT   2   268.960   18.288 -3.001   4.956  0.0000  0.000 -0.840-0.075    6.275  1.621   4.586  0.0000  0.000  0.000 0.000
   243 MD         2   268.960   18.288 -3.001   4.956  0.0000  0.000 -0.840-0.075    6.275  1.621   4.586  0.0000  0.000  0.000 0.000
   244 QF3        3   269.460   20.521 -1.398   4.960  0.0000  0.000 -0.858 0.002    5.039  0.888   4.600  0.0000  0.000  0.000 0.000
   245 QF3        4   269.960   21.001  0.453   4.964  0.0000  0.000 -0.837 0.079    4.444  0.318   4.617  0.0000  0.000  0.000 0.000
   246 D3         5   270.960   20.152  0.396   4.971  0.0000  0.000 -0.758 0.079    4.056  0.070   4.655  0.0000  0.000  0.000 0.000
   247 DB         5   273.709   18.411  0.238   4.994  0.0000  0.000 -0.541 0.079    5.541 -0.611   4.753  0.0000  0.000  0.000 0.000
   248 D1        24   275.909   17.642  0.112   5.014  0.0000  0.000 -0.367 0.079    9.428 -1.156   4.802  0.0000  0.000  0.000 0.000
   249 QDS1       2   276.909   23.250 -6.267   5.022  0.0000  0.000 -0.340-0.024    8.983  1.555   4.819  0.0000  0.000  0.000 0.000
   250 D0        36   277.509   31.395 -7.307   5.026  0.0000  0.000 -0.355-0.024    7.254  1.327   4.831  0.0000  0.000  0.000 0.000
1BRing                                                                             "MAD" Version: 8.51/15   Run: 21/04/16  12.12.34
 Linear lattice functions.    TWISS               line: RING                       range: #S/#E                                   
 Delta(p)/p:     0.000000     symm: F             super:   1                                                             page     7
 ----------------------------------------------------------------------------------------------------------------------------------
      ELEMENT SEQUENCE       I                H O R I Z O N T A L               I                  V E R T I C A L
 pos.  element occ.     dist I   betax  alfax   mux    x(co)  px(co) Dx    Dpx  I   betay   alfay    muy    y(co)  py(co)  Dy    Dpy
 no.   name    no.      [m]  I   [m]    [1]     [2pi]  [mm]   [.001] [m]   [1]  I   [m]     [1]      [2pi]  [mm]   [.001]  [m]   [1]
 ----------------------------------------------------------------------------------------------------------------------------------
   251 MD5        2   277.509   31.395 -7.307   5.026  0.0000  0.000 -0.355-0.024    7.254  1.327   4.831  0.0000  0.000  0.000 0.000
   252 QFS1       2   278.509   36.759  2.466   5.030  0.0000  0.000 -0.328 0.076    6.771 -0.798   4.855  0.0000  0.000  0.000 0.000
   253 D3         6   279.509   32.020  2.273   5.035  0.0000  0.000 -0.252 0.076    8.608 -1.040   4.875  0.0000  0.000  0.000 0.000
   254 DB         6   282.258   20.978  1.744   5.052  0.0000  0.000 -0.042 0.076   16.150 -1.704   4.913  0.0000  0.000  0.000 0.000
   255 D1        25   284.458   14.237  1.320   5.072  0.0000  0.000  0.126 0.076   24.817 -2.236   4.930  0.0000  0.000  0.000 0.000
   256 D1        26   286.658    9.362  0.896   5.102  0.0000  0.000  0.294 0.076   35.824 -2.767   4.942  0.0000  0.000  0.000 0.000
   257 QDS2       2   287.658   10.474 -2.116   5.119  0.0000  0.000  0.419 0.180   30.913  7.182   4.947  0.0000  0.000  0.000 0.000
   258 MD3        3   287.658   10.474 -2.116   5.119  0.0000  0.000  0.419 0.180   30.913  7.182   4.947  0.0000  0.000  0.000 0.000
   259 DS6        3   288.258   13.201 -2.430   5.127  0.0000  0.000  0.527 0.180   22.907  6.162   4.950  0.0000  0.000  0.000 0.000
   260 QFS2       2   289.258   14.895  0.872   5.138  0.0000  0.000  0.638 0.038   16.287  0.977   4.959  0.0000  0.000  0.000 0.000
   261 MD1        2   289.258   14.895  0.872   5.138  0.0000  0.000  0.638 0.038   16.287  0.977   4.959  0.0000  0.000  0.000 0.000
   262 DS7        3   297.258    8.505 -0.073   5.264  0.0000  0.000  0.940 0.038    8.338  0.017   5.079  0.0000  0.000  0.000 0.000
   263 S1         2   297.258    8.505 -0.073   5.264  0.0000  0.000  0.940 0.038    8.338  0.017   5.079  0.0000  0.000  0.000 0.000
   264 DS7        4   305.258   17.246 -1.019   5.379  0.0000  0.000  1.243 0.038   15.744 -0.943   5.202  0.0000  0.000  0.000 0.000
   265 MD2        2   305.258   17.246 -1.019   5.379  0.0000  0.000  1.243 0.038   15.744 -0.943   5.202  0.0000  0.000  0.000 0.000
   266 QDS20      2   306.258   24.712 -7.087   5.387  0.0000  0.000  1.448 0.383   13.652  2.849   5.213  0.0000  0.000  0.000 0.000
   267 DS6        4   306.858   33.963 -8.331   5.390  0.0000  0.000  1.678 0.383   10.474  2.448   5.221  0.0000  0.000  0.000 0.000
   268 MD4        2   306.858   33.963 -8.331   5.390  0.0000  0.000  1.678 0.383   10.474  2.448   5.221  0.0000  0.000  0.000 0.000
   269 QFS20      2   307.858   39.964  2.953   5.394  0.0000  0.000  1.792-0.160    8.790 -0.596   5.238  0.0000  0.000  0.000 0.000
   270 D3         7   308.858   34.301  2.710   5.399  0.0000  0.000  1.632-0.160   10.137 -0.751   5.255  0.0000  0.000  0.000 0.000
   271 DB         7   311.607   21.243  2.041   5.415  0.0000  0.000  1.191-0.160   15.430 -1.175   5.290  0.0000  0.000  0.000 0.000
   272 D1        27   313.807   13.439  1.506   5.436  0.0000  0.000  0.838-0.160   21.345 -1.514   5.310  0.0000  0.000  0.000 0.000
   273 D1        28   316.007    7.989  0.971   5.470  0.0000  0.000  0.486-0.160   28.753 -1.853   5.324  0.0000  0.000  0.000 0.000
   274 QDS10      2   317.007    8.266 -1.272   5.490  0.0000  0.000  0.384-0.047   24.996  5.271   5.329  0.0000  0.000  0.000 0.000
   275 D0        37   317.607    9.906 -1.462   5.501  0.0000  0.000  0.356-0.047   19.086  4.580   5.334  0.0000  0.000  0.000 0.000
   276 QFS10      2   318.607   10.129  1.260   5.516  0.0000  0.000  0.263-0.134   15.158 -0.299   5.344  0.0000  0.000  0.000 0.000
   277 D3         8   319.607    7.865  1.004   5.534  0.0000  0.000  0.129-0.134   15.827 -0.370   5.354  0.0000  0.000  0.000 0.000
   278 DB         8   322.356    4.273  0.302   5.613  0.0000  0.000 -0.240-0.134   18.407 -0.568   5.380  0.0000  0.000  0.000 0.000
   279 D1        29   324.556    4.179 -0.260   5.700  0.0000  0.000 -0.536-0.134   21.254 -0.726   5.397  0.0000  0.000  0.000 0.000
   280 QD3        3   325.056    4.714 -0.827   5.718  0.0000  0.000 -0.616-0.189   20.979  1.267   5.401  0.0000  0.000  0.000 0.000
   281 QD3        4   325.556    5.887 -1.555   5.733  0.0000  0.000 -0.726-0.253   18.799  3.022   5.405  0.0000  0.000  0.000 0.000
   282 D1        30   327.756   15.536 -2.832   5.770  0.0000  0.000 -1.282-0.253    8.110  1.836   5.434  0.0000  0.000  0.000 0.000
   283 D0        38   328.356   19.143 -3.180   5.776  0.0000  0.000 -1.434-0.253    6.100  1.513   5.447  0.0000  0.000  0.000 0.000
   284 MD3        4   328.356   19.143 -3.180   5.776  0.0000  0.000 -1.434-0.253    6.100  1.513   5.447  0.0000  0.000  0.000 0.000
 end   STRAIGHT   2   328.356   19.143 -3.180   5.776  0.0000  0.000 -1.434-0.253    6.100  1.513   5.447  0.0000  0.000  0.000 0.000
 begin FODO       3   328.356   19.143 -3.180   5.776  0.0000  0.000 -1.434-0.253    6.100  1.513   5.447  0.0000  0.000  0.000 0.000
   285 QF1       33   328.856   21.148 -0.744   5.779  0.0000  0.000 -1.514-0.065    5.054  0.623   5.462  0.0000  0.000  0.000 0.000
   286 QF1       34   329.356   20.570  1.875   5.783  0.0000  0.000 -1.498 0.126    4.801 -0.106   5.478  0.0000  0.000  0.000 0.000
   287 D4        13   330.756   15.750  1.568   5.796  0.0000  0.000 -1.322 0.126    5.512 -0.401   5.522  0.0000  0.000  0.000 0.000
   288 RB        33   333.505    8.609  1.015   5.833  0.0000  0.000 -0.785 0.264    9.308 -0.980   5.585  0.0000  0.000  0.000 0.000
   289 D0        39   334.105    7.476  0.873   5.845  0.0000  0.000 -0.627 0.264   10.560 -1.106   5.594  0.0000  0.000  0.000 0.000
   290 RB        34   336.854    4.374  0.249   5.925  0.0000  0.000  0.281 0.396   18.235 -1.685   5.626  0.0000  0.000  0.000 0.000
 begin D2SV       9   336.854    4.374  0.249   5.925  0.0000  0.000  0.281 0.396   18.235 -1.685   5.626  0.0000  0.000  0.000 0.000
   291 D400       9   337.254    4.213  0.152   5.940  0.0000  0.000  0.440 0.396   19.617 -1.770   5.629  0.0000  0.000  0.000 0.000
   292 SCV        9   337.654    4.131  0.055   5.955  0.0000  0.000  0.598 0.396   21.066 -1.854   5.633  0.0000  0.000  0.000 0.000
   293 D200      13   337.854    4.119  0.006   5.963  0.0000  0.000  0.677 0.396   21.816 -1.896   5.634  0.0000  0.000  0.000 0.000
 end   D2SV       9   337.854    4.119  0.006   5.963  0.0000  0.000  0.677 0.396   21.816 -1.896   5.634  0.0000  0.000  0.000 0.000
1BRing                                                                             "MAD" Version: 8.51/15   Run: 21/04/16  12.12.34
 Linear lattice functions.    TWISS               line: RING                       range: #S/#E                                   
 Delta(p)/p:     0.000000     symm: F             super:   1                                                             page     8
 ----------------------------------------------------------------------------------------------------------------------------------
      ELEMENT SEQUENCE       I                H O R I Z O N T A L               I                  V E R T I C A L
 pos.  element occ.     dist I   betax  alfax   mux    x(co)  px(co) Dx    Dpx  I   betay   alfay    muy    y(co)  py(co)  Dy    Dpy
 no.   name    no.      [m]  I   [m]    [1]     [2pi]  [mm]   [.001] [m]   [1]  I   [m]     [1]      [2pi]  [mm]   [.001]  [m]   [1]
 ----------------------------------------------------------------------------------------------------------------------------------
   294 QD1       33   338.254    4.357 -0.612   5.978  0.0000  0.000  0.854 0.489   22.272  0.775   5.637  0.0000  0.000  0.000 0.000
   295 QD1       34   338.654    5.129 -1.350   5.992  0.0000  0.000  1.072 0.606   20.616  3.298   5.640  0.0000  0.000  0.000 0.000
   296 D1        31   340.854   13.734 -2.561   6.034  0.0000  0.000  2.404 0.606    8.894  2.031   5.666  0.0000  0.000  0.000 0.000
   297 D0        40   341.454   17.006 -2.891   6.040  0.0000  0.000  2.767 0.606    6.665  1.685   5.678  0.0000  0.000  0.000 0.000
   298 QF1       35   341.954   18.859 -0.736   6.044  0.0000  0.000  2.980 0.240    5.485  0.723   5.692  0.0000  0.000  0.000 0.000
   299 QF1       36   342.454   18.417  1.601   6.049  0.0000  0.000  3.005-0.140    5.156 -0.051   5.707  0.0000  0.000  0.000 0.000
   300 D4        14   343.854   14.313  1.330   6.062  0.0000  0.000  2.809-0.140    5.681 -0.323   5.748  0.0000  0.000  0.000 0.000
   301 RB        35   346.602    8.293  0.847   6.103  0.0000  0.000  2.580-0.026    8.928 -0.858   5.811  0.0000  0.000  0.000 0.000
   302 D0        41   347.202    7.351  0.723   6.115  0.0000  0.000  2.565-0.026   10.027 -0.975   5.821  0.0000  0.000  0.000 0.000
   303 RB        36   349.951    4.853  0.181   6.191  0.0000  0.000  2.652 0.089   16.854 -1.509   5.855  0.0000  0.000  0.000 0.000
   304 D2         9   350.951    4.704 -0.032   6.225  0.0000  0.000  2.741 0.089   20.067 -1.704   5.864  0.0000  0.000  0.000 0.000
   305 QD1       35   351.351    4.998 -0.715   6.238  0.0000  0.000  2.844 0.428   20.455  0.749   5.867  0.0000  0.000  0.000 0.000
   306 QD1       36   351.751    5.885 -1.539   6.250  0.0000  0.000  3.086 0.787   18.906  3.058   5.870  0.0000  0.000  0.000 0.000
   307 D1        32   353.951   15.426 -2.798   6.287  0.0000  0.000  4.817 0.787    8.100  1.854   5.899  0.0000  0.000  0.000 0.000
   308 D0        42   354.551   18.990 -3.141   6.292  0.0000  0.000  5.290 0.787    6.073  1.525   5.912  0.0000  0.000  0.000 0.000
   309 QF1       37   355.051   20.965 -0.725   6.296  0.0000  0.000  5.513 0.101    5.015  0.636   5.927  0.0000  0.000  0.000 0.000
   310 QF1       38   355.551   20.380  1.870   6.300  0.0000  0.000  5.389-0.592    4.747 -0.089   5.944  0.0000  0.000  0.000 0.000
   311 D4        15   356.951   15.576  1.561   6.313  0.0000  0.000  4.560-0.592    5.413 -0.387   5.988  0.0000  0.000  0.000 0.000
   312 RB        37   359.700    8.483  1.004   6.351  0.0000  0.000  3.077-0.485    9.143 -0.970   6.052  0.0000  0.000  0.000 0.000
   313 D0        43   360.300    7.364  0.862   6.363  0.0000  0.000  2.786-0.485   10.383 -1.098   6.062  0.0000  0.000  0.000 0.000
   314 RB        38   363.049    4.331  0.235   6.444  0.0000  0.000  1.612-0.368   18.022 -1.681   6.094  0.0000  0.000  0.000 0.000
 begin D2SV      10   363.049    4.331  0.235   6.444  0.0000  0.000  1.612-0.368   18.022 -1.681   6.094  0.0000  0.000  0.000 0.000
   315 D400      10   363.449    4.182  0.137   6.459  0.0000  0.000  1.465-0.368   19.401 -1.766   6.097  0.0000  0.000  0.000 0.000
   316 SCV       10   363.849    4.111  0.040   6.474  0.0000  0.000  1.317-0.368   20.848 -1.851   6.101  0.0000  0.000  0.000 0.000
   317 D200      14   364.049    4.105 -0.009   6.482  0.0000  0.000  1.244-0.368   21.597 -1.894   6.102  0.0000  0.000  0.000 0.000
 end   D2SV      10   364.049    4.105 -0.009   6.482  0.0000  0.000  1.244-0.368   21.597 -1.894   6.102  0.0000  0.000  0.000 0.000
   318 QD1       37   364.449    4.355 -0.627   6.497  0.0000  0.000  1.126-0.224   22.062  0.751   6.105  0.0000  0.000  0.000 0.000
   319 QD1       38   364.849    5.140 -1.368   6.511  0.0000  0.000  1.063-0.091   20.435  3.251   6.108  0.0000  0.000  0.000 0.000
   320 D1        33   367.049   13.866 -2.598   6.552  0.0000  0.000  0.862-0.091    8.870  2.006   6.134  0.0000  0.000  0.000 0.000
   321 D0        44   367.649   17.184 -2.933   6.559  0.0000  0.000  0.808-0.091    6.667  1.666   6.147  0.0000  0.000  0.000 0.000
   322 QF1       39   368.149   19.068 -0.755   6.563  0.0000  0.000  0.737-0.189    5.505  0.707   6.160  0.0000  0.000  0.000 0.000
   323 QF1       40   368.649   18.632  1.610   6.567  0.0000  0.000  0.620-0.276    5.193 -0.070   6.175  0.0000  0.000  0.000 0.000
 begin D4SH       5   368.649   18.632  1.610   6.567  0.0000  0.000  0.620-0.276    5.193 -0.070   6.175  0.0000  0.000  0.000 0.000
   324 D200      15   368.849   17.995  1.571   6.569  0.0000  0.000  0.565-0.276    5.228 -0.108   6.181  0.0000  0.000  0.000 0.000
   325 SCH        5   369.249   16.770  1.494   6.573  0.0000  0.000  0.455-0.276    5.346 -0.186   6.193  0.0000  0.000  0.000 0.000
   326 D800       5   370.049   14.503  1.340   6.581  0.0000  0.000  0.234-0.276    5.767 -0.341   6.216  0.0000  0.000  0.000 0.000
 end   D4SH       5   370.049   14.503  1.340   6.581  0.0000  0.000  0.234-0.276    5.767 -0.341   6.216  0.0000  0.000  0.000 0.000
   327 RB        39   372.798    8.422  0.860   6.621  0.0000  0.000 -0.344-0.144    9.103 -0.873   6.278  0.0000  0.000  0.000 0.000
   328 D0        45   373.398    7.464  0.736   6.633  0.0000  0.000 -0.431-0.144   10.219 -0.989   6.288  0.0000  0.000  0.000 0.000
   329 RB        40   376.147    4.889  0.196   6.708  0.0000  0.000 -0.643-0.010   17.117 -1.521   6.321  0.0000  0.000  0.000 0.000
   330 D2        10   377.147    4.711 -0.017   6.741  0.0000  0.000 -0.653-0.010   20.352 -1.714   6.330  0.0000  0.000  0.000 0.000
   331 QD1       39   377.547    4.992 -0.699   6.754  0.0000  0.000 -0.673-0.090   20.735  0.774   6.333  0.0000  0.000  0.000 0.000
   332 QD1       40   377.947    5.865 -1.519   6.766  0.0000  0.000 -0.725-0.175   19.154  3.113   6.336  0.0000  0.000  0.000 0.000
   333 D1        34   380.147   15.275 -2.759   6.804  0.0000  0.000 -1.111-0.175    8.158  1.885   6.364  0.0000  0.000  0.000 0.000
   334 D0        46   380.747   18.789 -3.097   6.809  0.0000  0.000 -1.216-0.175    6.097  1.550   6.378  0.0000  0.000  0.000 0.000
   335 QF1       41   381.247   20.732 -0.707   6.813  0.0000  0.000 -1.264-0.017    5.017  0.656   6.392  0.0000  0.000  0.000 0.000
   336 QF1       42   381.747   20.144  1.858   6.817  0.0000  0.000 -1.233 0.141    4.730 -0.070   6.409  0.0000  0.000  0.000 0.000
1BRing                                                                             "MAD" Version: 8.51/15   Run: 21/04/16  12.12.34
 Linear lattice functions.    TWISS               line: RING                       range: #S/#E                                   
 Delta(p)/p:     0.000000     symm: F             super:   1                                                             page     9
 ----------------------------------------------------------------------------------------------------------------------------------
      ELEMENT SEQUENCE       I                H O R I Z O N T A L               I                  V E R T I C A L
 pos.  element occ.     dist I   betax  alfax   mux    x(co)  px(co) Dx    Dpx  I   betay   alfay    muy    y(co)  py(co)  Dy    Dpy
 no.   name    no.      [m]  I   [m]    [1]     [2pi]  [mm]   [.001] [m]   [1]  I   [m]     [1]      [2pi]  [mm]   [.001]  [m]   [1]
 ----------------------------------------------------------------------------------------------------------------------------------
   337 D4        16   383.147   15.374  1.549   6.830  0.0000  0.000 -1.035 0.141    5.341 -0.367   6.454  0.0000  0.000  0.000 0.000
   338 RB        41   385.896    8.354  0.990   6.869  0.0000  0.000 -0.459 0.277    8.966 -0.951   6.519  0.0000  0.000  0.000 0.000
   339 D0        47   386.496    7.252  0.848   6.881  0.0000  0.000 -0.293 0.277   10.184 -1.079   6.529  0.0000  0.000  0.000 0.000
   340 RB        42   389.245    4.301  0.219   6.963  0.0000  0.000  0.648 0.407   17.720 -1.663   6.562  0.0000  0.000  0.000 0.000
   341 D2        11   390.245    4.106 -0.024   7.001  0.0000  0.000  1.055 0.407   21.258 -1.875   6.570  0.0000  0.000  0.000 0.000
   342 QD1       41   390.645    4.369 -0.644   7.016  0.0000  0.000  1.245 0.546   21.725  0.727   6.573  0.0000  0.000  0.000 0.000
   343 QD1       42   391.045    5.169 -1.390   7.029  0.0000  0.000  1.496 0.713   20.131  3.191   6.576  0.0000  0.000  0.000 0.000
   344 D1        35   393.245   14.034 -2.639   7.071  0.0000  0.000  3.064 0.713    8.781  1.969   6.602  0.0000  0.000  0.000 0.000
   345 D0        48   393.845   17.405 -2.979   7.077  0.0000  0.000  3.492 0.713    6.618  1.636   6.615  0.0000  0.000  0.000 0.000
   346 QF1       43   394.345   19.321 -0.773   7.081  0.0000  0.000  3.735 0.253    5.482  0.685   6.628  0.0000  0.000  0.000 0.000
   347 QF1       44   394.845   18.887  1.624   7.086  0.0000  0.000  3.743-0.222    5.190 -0.089   6.643  0.0000  0.000  0.000 0.000
 begin D4SH       6   394.845   18.887  1.624   7.086  0.0000  0.000  3.743-0.222    5.190 -0.089   6.643  0.0000  0.000  0.000 0.000
   348 D200      16   395.045   18.244  1.586   7.087  0.0000  0.000  3.698-0.222    5.233 -0.128   6.649  0.0000  0.000  0.000 0.000
   349 SCH        6   395.445   17.007  1.509   7.091  0.0000  0.000  3.609-0.222    5.367 -0.206   6.661  0.0000  0.000  0.000 0.000
   350 D800       6   396.245   14.716  1.355   7.099  0.0000  0.000  3.432-0.222    5.820 -0.361   6.684  0.0000  0.000  0.000 0.000
 end   D4SH       6   396.245   14.716  1.355   7.099  0.0000  0.000  3.432-0.222    5.820 -0.361   6.684  0.0000  0.000  0.000 0.000
   351 RB        43   398.994    8.550  0.876   7.138  0.0000  0.000  2.974-0.111    9.273 -0.895   6.745  0.0000  0.000  0.000 0.000
   352 D0        49   399.594    7.574  0.752   7.150  0.0000  0.000  2.908-0.111   10.417 -1.012   6.755  0.0000  0.000  0.000 0.000
   353 RB        44   402.342    4.912  0.211   7.224  0.0000  0.000  2.759 0.003   17.446 -1.545   6.788  0.0000  0.000  0.000 0.000
 begin D2SV      11   402.342    4.912  0.211   7.224  0.0000  0.000  2.759 0.003   17.446 -1.545   6.788  0.0000  0.000  0.000 0.000
   354 D400      11   402.742    4.777  0.126   7.237  0.0000  0.000  2.760 0.003   18.713 -1.623   6.791  0.0000  0.000  0.000 0.000
   355 SCV       11   403.142    4.710  0.041   7.251  0.0000  0.000  2.761 0.003   20.043 -1.701   6.794  0.0000  0.000  0.000 0.000
   356 D200      17   403.342    4.702 -0.002   7.258  0.0000  0.000  2.762 0.003   20.731 -1.740   6.796  0.0000  0.000  0.000 0.000
 end   D2SV      11   403.342    4.702 -0.002   7.258  0.0000  0.000  2.762 0.003   20.731 -1.740   6.796  0.0000  0.000  0.000 0.000
   357 QD1       43   403.742    4.971 -0.681   7.271  0.0000  0.000  2.830 0.342   21.115  0.795   6.799  0.0000  0.000  0.000 0.000
   358 QD1       44   404.142    5.827 -1.495   7.283  0.0000  0.000  3.037 0.698   19.500  3.177   6.802  0.0000  0.000  0.000 0.000
   359 D1        36   406.342   15.092 -2.716   7.321  0.0000  0.000  4.572 0.698    8.274  1.926   6.830  0.0000  0.000  0.000 0.000
   360 D0        50   406.942   18.551 -3.049   7.326  0.0000  0.000  4.991 0.698    6.168  1.584   6.843  0.0000  0.000  0.000 0.000
   361 QF1       45   407.442   20.461 -0.690   7.330  0.0000  0.000  5.179 0.051    5.060  0.679   6.858  0.0000  0.000  0.000 0.000
   362 QF1       46   407.942   19.873  1.841   7.334  0.0000  0.000  5.041-0.598    4.753 -0.051   6.874  0.0000  0.000  0.000 0.000
   363 D4        17   409.342   15.152  1.532   7.347  0.0000  0.000  4.204-0.598    5.309 -0.346   6.919  0.0000  0.000  0.000 0.000
   364 RB        45   412.091    8.229  0.973   7.387  0.0000  0.000  2.707-0.489    8.808 -0.926   6.985  0.0000  0.000  0.000 0.000
   365 D0        51   412.691    7.147  0.831   7.399  0.0000  0.000  2.414-0.489    9.996 -1.053   6.995  0.0000  0.000  0.000 0.000
   366 RB        46   415.440    4.286  0.204   7.481  0.0000  0.000  1.233-0.369   17.379 -1.633   7.028  0.0000  0.000  0.000 0.000
   367 D2        12   416.440    4.122 -0.039   7.520  0.0000  0.000  0.864-0.369   20.856 -1.844   7.037  0.0000  0.000  0.000 0.000
   368 QD1       45   416.840    4.398 -0.662   7.535  0.0000  0.000  0.736-0.272   21.318  0.709   7.040  0.0000  0.000  0.000 0.000
   369 QD1       46   417.240    5.215 -1.415   7.548  0.0000  0.000  0.644-0.188   19.758  3.126   7.043  0.0000  0.000  0.000 0.000
   370 D1        37   419.440   14.230 -2.682   7.589  0.0000  0.000  0.229-0.188    8.643  1.927   7.070  0.0000  0.000  0.000 0.000
   371 D0        52   420.040   17.656 -3.028   7.595  0.0000  0.000  0.116-0.188    6.527  1.599   7.083  0.0000  0.000  0.000 0.000
   372 QF1       47   420.540   19.606 -0.789   7.600  0.0000  0.000  0.019-0.197    5.420  0.661   7.096  0.0000  0.000  0.000 0.000
   373 QF1       48   421.040   19.169  1.645   7.604  0.0000  0.000 -0.079-0.193    5.148 -0.106   7.111  0.0000  0.000  0.000 0.000
   374 D4        18   422.440   14.943  1.374   7.617  0.0000  0.000 -0.349-0.193    5.830 -0.381   7.152  0.0000  0.000  0.000 0.000
   375 RB        47   425.189    8.672  0.894   7.656  0.0000  0.000 -0.697-0.059    9.411 -0.921   7.213  0.0000  0.000  0.000 0.000
   376 D0        53   425.789    7.673  0.770   7.667  0.0000  0.000 -0.732-0.059   10.587 -1.039   7.223  0.0000  0.000  0.000 0.000
   377 RB        48   428.538    4.919  0.227   7.741  0.0000  0.000 -0.708 0.077   17.784 -1.579   7.255  0.0000  0.000  0.000 0.000
 begin D2SV      12   428.538    4.919  0.227   7.741  0.0000  0.000 -0.708 0.077   17.784 -1.579   7.255  0.0000  0.000  0.000 0.000
   378 D400      12   428.938    4.772  0.141   7.754  0.0000  0.000 -0.677 0.077   19.078 -1.658   7.258  0.0000  0.000  0.000 0.000
1BRing                                                                             "MAD" Version: 8.51/15   Run: 21/04/16  12.12.34
 Linear lattice functions.    TWISS               line: RING                       range: #S/#E                                   
 Delta(p)/p:     0.000000     symm: F             super:   1                                                             page    10
 ----------------------------------------------------------------------------------------------------------------------------------
      ELEMENT SEQUENCE       I                H O R I Z O N T A L               I                  V E R T I C A L
 pos.  element occ.     dist I   betax  alfax   mux    x(co)  px(co) Dx    Dpx  I   betay   alfay    muy    y(co)  py(co)  Dy    Dpy
 no.   name    no.      [m]  I   [m]    [1]     [2pi]  [mm]   [.001] [m]   [1]  I   [m]     [1]      [2pi]  [mm]   [.001]  [m]   [1]
 ----------------------------------------------------------------------------------------------------------------------------------
   379 SCV       12   429.338    4.693  0.056   7.767  0.0000  0.000 -0.647 0.077   20.436 -1.736   7.261  0.0000  0.000  0.000 0.000
   380 D200      18   429.538    4.679  0.013   7.774  0.0000  0.000 -0.631 0.077   21.138 -1.775   7.263  0.0000  0.000  0.000 0.000
 end   D2SV      12   429.538    4.679  0.013   7.774  0.0000  0.000 -0.631 0.077   21.138 -1.775   7.263  0.0000  0.000  0.000 0.000
   381 QD1       47   429.938    4.935 -0.662   7.788  0.0000  0.000 -0.616 0.001   21.531  0.810   7.266  0.0000  0.000  0.000 0.000
   382 QD1       48   430.338    5.774 -1.469   7.800  0.0000  0.000 -0.631-0.075   19.884  3.240   7.269  0.0000  0.000  0.000 0.000
   383 D1        38   432.538   14.885 -2.672   7.838  0.0000  0.000 -0.795-0.075    8.428  1.968   7.296  0.0000  0.000  0.000 0.000
   384 D0        54   433.138   18.288 -3.001   7.844  0.0000  0.000 -0.840-0.075    6.275  1.621   7.309  0.0000  0.000  0.000 0.000
 end   FODO       3   433.138   18.288 -3.001   7.844  0.0000  0.000 -0.840-0.075    6.275  1.621   7.309  0.0000  0.000  0.000 0.000
 begin STRAIGHT   3   433.138   18.288 -3.001   7.844  0.0000  0.000 -0.840-0.075    6.275  1.621   7.309  0.0000  0.000  0.000 0.000
   385 MD         3   433.138   18.288 -3.001   7.844  0.0000  0.000 -0.840-0.075    6.275  1.621   7.309  0.0000  0.000  0.000 0.000
   386 QF3        5   433.638   20.521 -1.398   7.848  0.0000  0.000 -0.858 0.002    5.039  0.888   7.323  0.0000  0.000  0.000 0.000
   387 QF3        6   434.138   21.001  0.453   7.851  0.0000  0.000 -0.837 0.079    4.444  0.318   7.340  0.0000  0.000  0.000 0.000
   388 D3         9   435.138   20.152  0.396   7.859  0.0000  0.000 -0.758 0.079    4.056  0.070   7.378  0.0000  0.000  0.000 0.000
   389 DB         9   437.887   18.411  0.238   7.882  0.0000  0.000 -0.541 0.079    5.541 -0.611   7.477  0.0000  0.000  0.000 0.000
   390 D1        39   440.087   17.642  0.112   7.901  0.0000  0.000 -0.367 0.079    9.428 -1.156   7.526  0.0000  0.000  0.000 0.000
   391 QDS1       3   441.087   23.250 -6.267   7.910  0.0000  0.000 -0.340-0.024    8.983  1.555   7.542  0.0000  0.000  0.000 0.000
   392 D0        55   441.687   31.395 -7.307   7.913  0.0000  0.000 -0.355-0.024    7.254  1.327   7.554  0.0000  0.000  0.000 0.000
   393 MD5        3   441.687   31.395 -7.307   7.913  0.0000  0.000 -0.355-0.024    7.254  1.327   7.554  0.0000  0.000  0.000 0.000
   394 QFS1       3   442.687   36.759  2.466   7.918  0.0000  0.000 -0.328 0.076    6.771 -0.798   7.578  0.0000  0.000  0.000 0.000
   395 D3        10   443.687   32.020  2.273   7.922  0.0000  0.000 -0.252 0.076    8.608 -1.040   7.599  0.0000  0.000  0.000 0.000
   396 DB        10   446.436   20.978  1.744   7.939  0.0000  0.000 -0.042 0.076   16.150 -1.704   7.636  0.0000  0.000  0.000 0.000
   397 D1        40   448.636   14.237  1.320   7.960  0.0000  0.000  0.126 0.076   24.817 -2.236   7.654  0.0000  0.000  0.000 0.000
   398 D1        41   450.836    9.362  0.896   7.990  0.0000  0.000  0.294 0.076   35.824 -2.767   7.666  0.0000  0.000  0.000 0.000
   399 QDS2       3   451.836   10.474 -2.116   8.007  0.0000  0.000  0.419 0.180   30.913  7.182   7.670  0.0000  0.000  0.000 0.000
   400 MD3        5   451.836   10.474 -2.116   8.007  0.0000  0.000  0.419 0.180   30.913  7.182   7.670  0.0000  0.000  0.000 0.000
   401 DS6        5   452.436   13.201 -2.430   8.015  0.0000  0.000  0.527 0.180   22.907  6.162   7.674  0.0000  0.000  0.000 0.000
   402 QFS2       3   453.436   14.895  0.872   8.026  0.0000  0.000  0.638 0.038   16.287  0.977   7.682  0.0000  0.000  0.000 0.000
   403 MD1        3   453.436   14.895  0.872   8.026  0.0000  0.000  0.638 0.038   16.287  0.977   7.682  0.0000  0.000  0.000 0.000
   404 DS7        5   461.436    8.505 -0.073   8.152  0.0000  0.000  0.940 0.038    8.338  0.017   7.803  0.0000  0.000  0.000 0.000
   405 S1         3   461.436    8.505 -0.073   8.152  0.0000  0.000  0.940 0.038    8.338  0.017   7.803  0.0000  0.000  0.000 0.000
   406 DS7        6   469.436   17.246 -1.019   8.267  0.0000  0.000  1.243 0.038   15.744 -0.943   7.926  0.0000  0.000  0.000 0.000
   407 MD2        3   469.436   17.246 -1.019   8.267  0.0000  0.000  1.243 0.038   15.744 -0.943   7.926  0.0000  0.000  0.000 0.000
   408 QDS20      3   470.436   24.712 -7.087   8.275  0.0000  0.000  1.448 0.383   13.652  2.849   7.936  0.0000  0.000  0.000 0.000
   409 DS6        6   471.036   33.963 -8.331   8.278  0.0000  0.000  1.678 0.383   10.474  2.448   7.944  0.0000  0.000  0.000 0.000
   410 MD4        3   471.036   33.963 -8.331   8.278  0.0000  0.000  1.678 0.383   10.474  2.448   7.944  0.0000  0.000  0.000 0.000
   411 QFS20      3   472.036   39.964  2.953   8.282  0.0000  0.000  1.792-0.160    8.790 -0.596   7.962  0.0000  0.000  0.000 0.000
   412 D3        11   473.036   34.301  2.710   8.287  0.0000  0.000  1.632-0.160   10.137 -0.751   7.979  0.0000  0.000  0.000 0.000
   413 DB        11   475.785   21.243  2.041   8.303  0.0000  0.000  1.191-0.160   15.430 -1.175   8.014  0.0000  0.000  0.000 0.000
   414 D1        42   477.985   13.439  1.506   8.324  0.0000  0.000  0.838-0.160   21.345 -1.514   8.033  0.0000  0.000  0.000 0.000
   415 D1        43   480.185    7.989  0.971   8.358  0.0000  0.000  0.486-0.160   28.753 -1.853   8.047  0.0000  0.000  0.000 0.000
   416 QDS10      3   481.185    8.266 -1.272   8.378  0.0000  0.000  0.384-0.047   24.996  5.271   8.053  0.0000  0.000  0.000 0.000
   417 D0        56   481.785    9.906 -1.462   8.389  0.0000  0.000  0.356-0.047   19.086  4.580   8.057  0.0000  0.000  0.000 0.000
   418 QFS10      3   482.785   10.129  1.260   8.404  0.0000  0.000  0.263-0.134   15.158 -0.299   8.067  0.0000  0.000  0.000 0.000
   419 D3        12   483.785    7.865  1.004   8.422  0.0000  0.000  0.129-0.134   15.827 -0.370   8.078  0.0000  0.000  0.000 0.000
   420 DB        12   486.534    4.273  0.302   8.500  0.0000  0.000 -0.240-0.134   18.407 -0.568   8.103  0.0000  0.000  0.000 0.000
   421 D1        44   488.734    4.179 -0.260   8.587  0.0000  0.000 -0.536-0.134   21.254 -0.726   8.121  0.0000  0.000  0.000 0.000
   422 QD3        5   489.234    4.714 -0.827   8.606  0.0000  0.000 -0.616-0.189   20.979  1.267   8.125  0.0000  0.000  0.000 0.000
1BRing                                                                             "MAD" Version: 8.51/15   Run: 21/04/16  12.12.34
 Linear lattice functions.    TWISS               line: RING                       range: #S/#E                                   
 Delta(p)/p:     0.000000     symm: F             super:   1                                                             page    11
 ----------------------------------------------------------------------------------------------------------------------------------
      ELEMENT SEQUENCE       I                H O R I Z O N T A L               I                  V E R T I C A L
 pos.  element occ.     dist I   betax  alfax   mux    x(co)  px(co) Dx    Dpx  I   betay   alfay    muy    y(co)  py(co)  Dy    Dpy
 no.   name    no.      [m]  I   [m]    [1]     [2pi]  [mm]   [.001] [m]   [1]  I   [m]     [1]      [2pi]  [mm]   [.001]  [m]   [1]
 ----------------------------------------------------------------------------------------------------------------------------------
   423 QD3        6   489.734    5.887 -1.555   8.621  0.0000  0.000 -0.726-0.253   18.799  3.022   8.129  0.0000  0.000  0.000 0.000
   424 D1        45   491.934   15.536 -2.832   8.658  0.0000  0.000 -1.282-0.253    8.110  1.836   8.157  0.0000  0.000  0.000 0.000
   425 D0        57   492.534   19.143 -3.180   8.663  0.0000  0.000 -1.434-0.253    6.100  1.513   8.171  0.0000  0.000  0.000 0.000
   426 MD3        6   492.534   19.143 -3.180   8.663  0.0000  0.000 -1.434-0.253    6.100  1.513   8.171  0.0000  0.000  0.000 0.000
 end   STRAIGHT   3   492.534   19.143 -3.180   8.663  0.0000  0.000 -1.434-0.253    6.100  1.513   8.171  0.0000  0.000  0.000 0.000
 end   RING       1   492.534   19.143 -3.180   8.663  0.0000  0.000 -1.434-0.253    6.100  1.513   8.171  0.0000  0.000  0.000 0.000
 ----------------------------------------------------------------------------------------------------------------------------------
 total length =        492.533614          Qx           =          8.663324          Qy           =          8.170879
 delta(s)     =          0.000000 mm       Qx'          =         -7.114526          Qy'          =          0.385469
 alfa         =          0.147909E-01      betax(max)   =         39.963644          betay(max)   =         35.824091
 gamma(tr)    =          8.222471          Dx(max)      =          5.512652          Dy(max)      =          0.000000
                                           Dx(r.m.s.)   =          2.047213          Dy(r.m.s.)   =          0.000000
                                           xco(max)     =          0.000000          yco(max)     =          0.000000
                                           xco(r.m.s.)  =          0.000000          yco(r.m.s.)  =          0.000000
 ----------------------------------------------------------------------------------------------------------------------------------
