1BRing                                                                             "MAD" Version: 8.51/15   Run: 21/04/16  10.52.52
 Linear lattice functions.    TWISS               line: RING                       range: #S/#E                                   
 Delta(p)/p:     0.000000     symm: F             super:   1                                                             page     1
 ----------------------------------------------------------------------------------------------------------------------------------
      ELEMENT SEQUENCE       I                H O R I Z O N T A L               I                  V E R T I C A L
 pos.  element occ.     dist I   betax  alfax   mux    x(co)  px(co) Dx    Dpx  I   betay   alfay    muy    y(co)  py(co)  Dy    Dpy
 no.   name    no.      [m]  I   [m]    [1]     [2pi]  [mm]   [.001] [m]   [1]  I   [m]     [1]      [2pi]  [mm]   [.001]  [m]   [1]
 ----------------------------------------------------------------------------------------------------------------------------------
 begin RING       1     0.000   18.550 -3.073   0.000  0.0000  0.000  0.000 0.000    6.030  1.538   0.000  0.0000  0.000  0.000 0.000
 begin FODO       1     0.000   18.550 -3.073   0.000  0.0000  0.000  0.000 0.000    6.030  1.538   0.000  0.0000  0.000  0.000 0.000
     1 QF1        1     0.500   20.485 -0.714   0.004  0.0000  0.000  0.000 0.000    4.958  0.651   0.015  0.0000  0.000  0.000 0.000
     2 QF1        2     1.000   19.919  1.821   0.008  0.0000  0.000  0.000 0.000    4.673 -0.068   0.031  0.0000  0.000  0.000 0.000
     3 D4         1     2.400   15.245  1.518   0.021  0.0000  0.000  0.000 0.000    5.286 -0.369   0.077  0.0000  0.000  0.000 0.000
     4 RB         1     5.149    8.552  0.924   0.059  0.0000  0.000  0.180 0.131    8.834 -0.910   0.143  0.0000  0.000  0.000 0.000
     5 D0         1     5.749    7.522  0.794   0.071  0.0000  0.000  0.258 0.131   10.001 -1.034   0.153  0.0000  0.000  0.000 0.000
     6 RB         2     8.498    4.798  0.200   0.147  0.0000  0.000  0.797 0.262   17.033 -1.502   0.187  0.0000  0.000  0.000 0.000
 begin D2SV       1     8.498    4.798  0.200   0.147  0.0000  0.000  0.797 0.262   17.033 -1.502   0.187  0.0000  0.000  0.000 0.000
     7 D400       1     8.898    4.673  0.113   0.160  0.0000  0.000  0.902 0.262   18.265 -1.578   0.190  0.0000  0.000  0.000 0.000
     8 SCV        1     9.298    4.618  0.026   0.174  0.0000  0.000  1.007 0.262   19.558 -1.655   0.194  0.0000  0.000  0.000 0.000
     9 D200       1     9.498    4.616 -0.017   0.181  0.0000  0.000  1.059 0.262   20.227 -1.693   0.195  0.0000  0.000  0.000 0.000
 end   D2SV       1     9.498    4.616 -0.017   0.181  0.0000  0.000  1.059 0.262   20.227 -1.693   0.195  0.0000  0.000  0.000 0.000
    10 QD1        1     9.898    4.893 -0.689   0.194  0.0000  0.000  1.191 0.399   20.599  0.779   0.198  0.0000  0.000  0.000 0.000
    11 QD1        2    10.298    5.754 -1.497   0.206  0.0000  0.000  1.381 0.555   19.021  3.102   0.202  0.0000  0.000  0.000 0.000
    12 D1         1    12.498   15.064 -2.735   0.244  0.0000  0.000  2.601 0.555    8.075  1.873   0.230  0.0000  0.000  0.000 0.000
    13 D0         2    13.098   18.550 -3.073   0.250  0.0000  0.000  2.934 0.555    6.028  1.538   0.244  0.0000  0.000  0.000 0.000
    14 QF1        3    13.598   20.485 -0.715   0.254  0.0000  0.000  3.116 0.170    4.956  0.651   0.258  0.0000  0.000  0.000 0.000
    15 QF1        4    14.098   19.920  1.821   0.258  0.0000  0.000  3.102-0.225    4.671 -0.068   0.275  0.0000  0.000  0.000 0.000
    16 D4         2    15.498   15.246  1.518   0.271  0.0000  0.000  2.787-0.225    5.283 -0.369   0.321  0.0000  0.000  0.000 0.000
    17 RB         3    18.247    8.554  0.924   0.309  0.0000  0.000  2.349-0.094    8.831 -0.910   0.387  0.0000  0.000  0.000 0.000
    18 D0         3    18.847    7.524  0.794   0.321  0.0000  0.000  2.293-0.094    9.998 -1.035   0.397  0.0000  0.000  0.000 0.000
    19 RB         4    21.596    4.800  0.200   0.397  0.0000  0.000  2.215 0.037   17.031 -1.502   0.431  0.0000  0.000  0.000 0.000
    20 D2         1    22.596    4.617 -0.017   0.431  0.0000  0.000  2.252 0.037   20.226 -1.693   0.439  0.0000  0.000  0.000 0.000
    21 QD1        3    22.996    4.895 -0.689   0.444  0.0000  0.000  2.322 0.314   20.598  0.779   0.442  0.0000  0.000  0.000 0.000
    22 QD1        4    23.396    5.755 -1.497   0.456  0.0000  0.000  2.505 0.607   19.020  3.101   0.445  0.0000  0.000  0.000 0.000
    23 D1         2    25.596   15.065 -2.735   0.494  0.0000  0.000  3.841 0.607    8.076  1.873   0.474  0.0000  0.000  0.000 0.000
    24 D0         4    26.196   18.550 -3.073   0.500  0.0000  0.000  4.205 0.607    6.030  1.538   0.488  0.0000  0.000  0.000 0.000
    25 QF1        5    26.696   20.485 -0.714   0.504  0.0000  0.000  4.373 0.062    4.958  0.651   0.502  0.0000  0.000  0.000 0.000
    26 QF1        6    27.196   19.919  1.821   0.508  0.0000  0.000  4.266-0.487    4.672 -0.068   0.519  0.0000  0.000  0.000 0.000
    27 D4         3    28.596   15.245  1.518   0.521  0.0000  0.000  3.584-0.487    5.286 -0.370   0.564  0.0000  0.000  0.000 0.000
    28 RB         5    31.344    8.552  0.924   0.559  0.0000  0.000  2.428-0.356    8.834 -0.910   0.630  0.0000  0.000  0.000 0.000
    29 D0         5    31.944    7.522  0.794   0.571  0.0000  0.000  2.214-0.356   10.001 -1.035   0.640  0.0000  0.000  0.000 0.000
    30 RB         6    34.693    4.798  0.200   0.647  0.0000  0.000  1.418-0.225   17.033 -1.502   0.674  0.0000  0.000  0.000 0.000
 begin D2SV       2    34.693    4.798  0.200   0.647  0.0000  0.000  1.418-0.225   17.033 -1.502   0.674  0.0000  0.000  0.000 0.000
    31 D400       2    35.093    4.673  0.113   0.660  0.0000  0.000  1.328-0.225   18.265 -1.578   0.678  0.0000  0.000  0.000 0.000
    32 SCV        2    35.493    4.618  0.026   0.674  0.0000  0.000  1.237-0.225   19.558 -1.655   0.681  0.0000  0.000  0.000 0.000
    33 D200       2    35.693    4.616 -0.017   0.681  0.0000  0.000  1.192-0.225   20.228 -1.693   0.683  0.0000  0.000  0.000 0.000
 end   D2SV       2    35.693    4.616 -0.017   0.681  0.0000  0.000  1.192-0.225   20.228 -1.693   0.683  0.0000  0.000  0.000 0.000
    34 QD1        5    36.093    4.893 -0.689   0.694  0.0000  0.000  1.131-0.084   20.599  0.779   0.686  0.0000  0.000  0.000 0.000
    35 QD1        6    36.493    5.754 -1.497   0.706  0.0000  0.000  1.124 0.052   19.021  3.102   0.689  0.0000  0.000  0.000 0.000
    36 D1         3    38.693   15.064 -2.735   0.744  0.0000  0.000  1.240 0.052    8.076  1.873   0.718  0.0000  0.000  0.000 0.000
    37 D0         6    39.293   18.550 -3.073   0.750  0.0000  0.000  1.271 0.052    6.029  1.538   0.731  0.0000  0.000  0.000 0.000
    38 QF1        7    39.793   20.485 -0.715   0.754  0.0000  0.000  1.257-0.108    4.956  0.651   0.746  0.0000  0.000  0.000 0.000
    39 QF1        8    40.293   19.920  1.821   0.758  0.0000  0.000  1.164-0.262    4.671 -0.068   0.763  0.0000  0.000  0.000 0.000
 begin D4SH       1    40.293   19.920  1.821   0.758  0.0000  0.000  1.164-0.262    4.671 -0.068   0.763  0.0000  0.000  0.000 0.000
    40 D200       3    40.493   19.200  1.778   0.760  0.0000  0.000  1.112-0.262    4.707 -0.111   0.769  0.0000  0.000  0.000 0.000
1BRing                                                                             "MAD" Version: 8.51/15   Run: 21/04/16  10.52.52
 Linear lattice functions.    TWISS               line: RING                       range: #S/#E                                   
 Delta(p)/p:     0.000000     symm: F             super:   1                                                             page     2
 ----------------------------------------------------------------------------------------------------------------------------------
      ELEMENT SEQUENCE       I                H O R I Z O N T A L               I                  V E R T I C A L
 pos.  element occ.     dist I   betax  alfax   mux    x(co)  px(co) Dx    Dpx  I   betay   alfay    muy    y(co)  py(co)  Dy    Dpy
 no.   name    no.      [m]  I   [m]    [1]     [2pi]  [mm]   [.001] [m]   [1]  I   [m]     [1]      [2pi]  [mm]   [.001]  [m]   [1]
 ----------------------------------------------------------------------------------------------------------------------------------
    41 SCH        1    40.893   17.813  1.691   0.763  0.0000  0.000  1.007-0.262    4.830 -0.197   0.783  0.0000  0.000  0.000 0.000
    42 D800       1    41.693   15.246  1.518   0.771  0.0000  0.000  0.797-0.262    5.283 -0.369   0.808  0.0000  0.000  0.000 0.000
 end   D4SH       1    41.693   15.246  1.518   0.771  0.0000  0.000  0.797-0.262    5.283 -0.369   0.808  0.0000  0.000  0.000 0.000
    43 RB         7    44.442    8.554  0.924   0.809  0.0000  0.000  0.258-0.131    8.831 -0.910   0.874  0.0000  0.000  0.000 0.000
    44 D0         7    45.042    7.524  0.794   0.821  0.0000  0.000  0.180-0.131    9.998 -1.035   0.884  0.0000  0.000  0.000 0.000
    45 RB         8    47.791    4.800  0.200   0.897  0.0000  0.000  0.000 0.000   17.030 -1.502   0.918  0.0000  0.000  0.000 0.000
    46 D2         2    48.791    4.617 -0.017   0.931  0.0000  0.000  0.000 0.000   20.225 -1.693   0.927  0.0000  0.000  0.000 0.000
    47 QD1        7    49.191    4.895 -0.689   0.944  0.0000  0.000  0.000 0.000   20.597  0.779   0.930  0.0000  0.000  0.000 0.000
    48 QD1        8    49.591    5.755 -1.497   0.956  0.0000  0.000  0.000 0.000   19.019  3.101   0.933  0.0000  0.000  0.000 0.000
    49 D1         4    51.791   15.065 -2.735   0.994  0.0000  0.000  0.000 0.000    8.076  1.873   0.961  0.0000  0.000  0.000 0.000
    50 D0         8    52.391   18.550 -3.073   1.000  0.0000  0.000  0.000 0.000    6.029  1.538   0.975  0.0000  0.000  0.000 0.000
    51 QF1        9    52.891   20.485 -0.714   1.004  0.0000  0.000  0.000 0.000    4.957  0.651   0.990  0.0000  0.000  0.000 0.000
    52 QF1       10    53.391   19.919  1.821   1.008  0.0000  0.000  0.000 0.000    4.672 -0.069   1.006  0.0000  0.000  0.000 0.000
    53 D4         4    54.791   15.245  1.518   1.021  0.0000  0.000  0.000 0.000    5.286 -0.370   1.052  0.0000  0.000  0.000 0.000
    54 RB         9    57.540    8.552  0.924   1.059  0.0000  0.000  0.180 0.131    8.835 -0.910   1.118  0.0000  0.000  0.000 0.000
    55 D0         9    58.140    7.522  0.794   1.071  0.0000  0.000  0.258 0.131   10.002 -1.035   1.128  0.0000  0.000  0.000 0.000
    56 RB        10    60.889    4.798  0.200   1.147  0.0000  0.000  0.797 0.262   17.034 -1.502   1.162  0.0000  0.000  0.000 0.000
    57 D2         3    61.889    4.616 -0.017   1.181  0.0000  0.000  1.059 0.262   20.229 -1.693   1.170  0.0000  0.000  0.000 0.000
    58 QD1        9    62.289    4.893 -0.689   1.194  0.0000  0.000  1.191 0.399   20.600  0.779   1.173  0.0000  0.000  0.000 0.000
    59 QD1       10    62.689    5.754 -1.497   1.206  0.0000  0.000  1.381 0.555   19.022  3.102   1.177  0.0000  0.000  0.000 0.000
    60 D1         5    64.889   15.064 -2.735   1.244  0.0000  0.000  2.601 0.555    8.076  1.873   1.205  0.0000  0.000  0.000 0.000
    61 D0        10    65.489   18.550 -3.073   1.250  0.0000  0.000  2.934 0.555    6.029  1.538   1.219  0.0000  0.000  0.000 0.000
    62 QF1       11    65.989   20.485 -0.715   1.254  0.0000  0.000  3.116 0.170    4.956  0.651   1.233  0.0000  0.000  0.000 0.000
    63 QF1       12    66.489   19.920  1.821   1.258  0.0000  0.000  3.102-0.225    4.671 -0.068   1.250  0.0000  0.000  0.000 0.000
 begin D4SH       2    66.489   19.920  1.821   1.258  0.0000  0.000  3.102-0.225    4.671 -0.068   1.250  0.0000  0.000  0.000 0.000
    64 D200       4    66.689   19.200  1.778   1.260  0.0000  0.000  3.057-0.225    4.707 -0.111   1.257  0.0000  0.000  0.000 0.000
    65 SCH        2    67.089   17.813  1.691   1.263  0.0000  0.000  2.967-0.225    4.830 -0.197   1.270  0.0000  0.000  0.000 0.000
    66 D800       2    67.889   15.246  1.518   1.271  0.0000  0.000  2.787-0.225    5.283 -0.369   1.296  0.0000  0.000  0.000 0.000
 end   D4SH       2    67.889   15.246  1.518   1.271  0.0000  0.000  2.787-0.225    5.283 -0.369   1.296  0.0000  0.000  0.000 0.000
    67 RB        11    70.638    8.554  0.924   1.309  0.0000  0.000  2.349-0.094    8.831 -0.910   1.362  0.0000  0.000  0.000 0.000
    68 D0        11    71.238    7.524  0.794   1.321  0.0000  0.000  2.293-0.094    9.998 -1.034   1.372  0.0000  0.000  0.000 0.000
    69 RB        12    73.987    4.800  0.200   1.397  0.0000  0.000  2.215 0.037   17.030 -1.502   1.406  0.0000  0.000  0.000 0.000
 begin D2SV       3    73.987    4.800  0.200   1.397  0.0000  0.000  2.215 0.037   17.030 -1.502   1.406  0.0000  0.000  0.000 0.000
    70 D400       3    74.387    4.675  0.113   1.410  0.0000  0.000  2.230 0.037   18.262 -1.578   1.409  0.0000  0.000  0.000 0.000
    71 SCV        3    74.787    4.619  0.027   1.424  0.0000  0.000  2.245 0.037   19.555 -1.655   1.413  0.0000  0.000  0.000 0.000
    72 D200       5    74.987    4.617 -0.017   1.431  0.0000  0.000  2.252 0.037   20.225 -1.693   1.414  0.0000  0.000  0.000 0.000
 end   D2SV       3    74.987    4.617 -0.017   1.431  0.0000  0.000  2.252 0.037   20.225 -1.693   1.414  0.0000  0.000  0.000 0.000
    73 QD1       11    75.387    4.895 -0.689   1.444  0.0000  0.000  2.322 0.314   20.596  0.779   1.417  0.0000  0.000  0.000 0.000
    74 QD1       12    75.787    5.755 -1.497   1.456  0.0000  0.000  2.505 0.607   19.019  3.101   1.420  0.0000  0.000  0.000 0.000
    75 D1         6    77.987   15.065 -2.735   1.494  0.0000  0.000  3.841 0.607    8.076  1.873   1.449  0.0000  0.000  0.000 0.000
    76 D0        12    78.587   18.550 -3.073   1.500  0.0000  0.000  4.205 0.607    6.029  1.538   1.463  0.0000  0.000  0.000 0.000
    77 QF1       13    79.087   20.485 -0.714   1.504  0.0000  0.000  4.373 0.062    4.957  0.651   1.477  0.0000  0.000  0.000 0.000
    78 QF1       14    79.587   19.919  1.821   1.508  0.0000  0.000  4.266-0.487    4.672 -0.069   1.494  0.0000  0.000  0.000 0.000
    79 D4         5    80.987   15.245  1.518   1.521  0.0000  0.000  3.584-0.487    5.286 -0.370   1.539  0.0000  0.000  0.000 0.000
    80 RB        13    83.736    8.552  0.924   1.559  0.0000  0.000  2.428-0.356    8.835 -0.910   1.605  0.0000  0.000  0.000 0.000
    81 D0        13    84.336    7.522  0.794   1.571  0.0000  0.000  2.214-0.356   10.002 -1.035   1.615  0.0000  0.000  0.000 0.000
    82 RB        14    87.085    4.798  0.200   1.647  0.0000  0.000  1.418-0.225   17.035 -1.502   1.649  0.0000  0.000  0.000 0.000
1BRing                                                                             "MAD" Version: 8.51/15   Run: 21/04/16  10.52.52
 Linear lattice functions.    TWISS               line: RING                       range: #S/#E                                   
 Delta(p)/p:     0.000000     symm: F             super:   1                                                             page     3
 ----------------------------------------------------------------------------------------------------------------------------------
      ELEMENT SEQUENCE       I                H O R I Z O N T A L               I                  V E R T I C A L
 pos.  element occ.     dist I   betax  alfax   mux    x(co)  px(co) Dx    Dpx  I   betay   alfay    muy    y(co)  py(co)  Dy    Dpy
 no.   name    no.      [m]  I   [m]    [1]     [2pi]  [mm]   [.001] [m]   [1]  I   [m]     [1]      [2pi]  [mm]   [.001]  [m]   [1]
 ----------------------------------------------------------------------------------------------------------------------------------
    83 D2         4    88.085    4.616 -0.017   1.681  0.0000  0.000  1.192-0.225   20.229 -1.693   1.658  0.0000  0.000  0.000 0.000
    84 QD1       13    88.485    4.893 -0.689   1.694  0.0000  0.000  1.131-0.084   20.601  0.779   1.661  0.0000  0.000  0.000 0.000
    85 QD1       14    88.885    5.754 -1.497   1.706  0.0000  0.000  1.124 0.052   19.023  3.102   1.664  0.0000  0.000  0.000 0.000
    86 D1         7    91.085   15.064 -2.735   1.744  0.0000  0.000  1.240 0.052    8.076  1.874   1.693  0.0000  0.000  0.000 0.000
    87 D0        14    91.685   18.550 -3.073   1.750  0.0000  0.000  1.271 0.052    6.029  1.538   1.706  0.0000  0.000  0.000 0.000
    88 QF1       15    92.185   20.485 -0.715   1.754  0.0000  0.000  1.257-0.108    4.957  0.651   1.721  0.0000  0.000  0.000 0.000
    89 QF1       16    92.685   19.920  1.821   1.758  0.0000  0.000  1.164-0.262    4.671 -0.068   1.738  0.0000  0.000  0.000 0.000
    90 D4         6    94.085   15.246  1.518   1.771  0.0000  0.000  0.797-0.262    5.283 -0.369   1.783  0.0000  0.000  0.000 0.000
    91 RB        15    96.833    8.554  0.924   1.809  0.0000  0.000  0.258-0.131    8.831 -0.910   1.849  0.0000  0.000  0.000 0.000
    92 D0        15    97.433    7.524  0.794   1.821  0.0000  0.000  0.180-0.131    9.997 -1.034   1.859  0.0000  0.000  0.000 0.000
    93 RB        16   100.182    4.800  0.200   1.897  0.0000  0.000  0.000 0.000   17.029 -1.502   1.893  0.0000  0.000  0.000 0.000
 begin D2SV       4   100.182    4.800  0.200   1.897  0.0000  0.000  0.000 0.000   17.029 -1.502   1.893  0.0000  0.000  0.000 0.000
    94 D400       4   100.582    4.675  0.113   1.910  0.0000  0.000  0.000 0.000   18.261 -1.578   1.897  0.0000  0.000  0.000 0.000
    95 SCV        4   100.982    4.619  0.027   1.924  0.0000  0.000  0.000 0.000   19.554 -1.655   1.900  0.0000  0.000  0.000 0.000
    96 D200       6   101.182    4.617 -0.017   1.931  0.0000  0.000  0.000 0.000   20.224 -1.693   1.902  0.0000  0.000  0.000 0.000
 end   D2SV       4   101.182    4.617 -0.017   1.931  0.0000  0.000  0.000 0.000   20.224 -1.693   1.902  0.0000  0.000  0.000 0.000
    97 QD1       15   101.582    4.895 -0.689   1.944  0.0000  0.000  0.000 0.000   20.596  0.779   1.905  0.0000  0.000  0.000 0.000
    98 QD1       16   101.982    5.755 -1.497   1.956  0.0000  0.000  0.000 0.000   19.018  3.101   1.908  0.0000  0.000  0.000 0.000
    99 D1         8   104.182   15.065 -2.735   1.994  0.0000  0.000  0.000 0.000    8.076  1.873   1.936  0.0000  0.000  0.000 0.000
   100 D0        16   104.782   18.550 -3.073   2.000  0.0000  0.000  0.000 0.000    6.029  1.538   1.950  0.0000  0.000  0.000 0.000
 end   FODO       1   104.782   18.550 -3.073   2.000  0.0000  0.000  0.000 0.000    6.029  1.538   1.950  0.0000  0.000  0.000 0.000
 begin STRAIGHT   1   104.782   18.550 -3.073   2.000  0.0000  0.000  0.000 0.000    6.029  1.538   1.950  0.0000  0.000  0.000 0.000
   101 MD         1   104.782   18.550 -3.073   2.000  0.0000  0.000  0.000 0.000    6.029  1.538   1.950  0.0000  0.000  0.000 0.000
   102 QF3        1   105.282   20.846 -1.449   2.004  0.0000  0.000  0.000 0.000    4.862  0.831   1.965  0.0000  0.000  0.000 0.000
   103 QF3        2   105.782   21.361  0.433   2.008  0.0000  0.000  0.000 0.000    4.317  0.276   1.982  0.0000  0.000  0.000 0.000
   104 D3         1   106.782   20.551  0.377   2.015  0.0000  0.000  0.000 0.000    4.015  0.026   2.021  0.0000  0.000  0.000 0.000
   105 DB         1   109.531   18.898  0.224   2.038  0.0000  0.000  0.000 0.000    5.753 -0.659   2.118  0.0000  0.000  0.000 0.000
   106 D1         9   111.731   18.179  0.102   2.057  0.0000  0.000  0.000 0.000    9.858 -1.207   2.165  0.0000  0.000  0.000 0.000
   107 QDS1       1   112.731   23.986 -6.476   2.065  0.0000  0.000  0.000 0.000    9.382  1.635   2.181  0.0000  0.000  0.000 0.000
   108 D0        17   113.331   32.401 -7.549   2.068  0.0000  0.000  0.000 0.000    7.561  1.400   2.192  0.0000  0.000  0.000 0.000
   109 MD5        1   113.331   32.401 -7.549   2.068  0.0000  0.000  0.000 0.000    7.561  1.400   2.192  0.0000  0.000  0.000 0.000
   110 QFS1       1   114.331   37.952  2.539   2.072  0.0000  0.000  0.000 0.000    7.010 -0.798   2.215  0.0000  0.000  0.000 0.000
   111 D3         2   115.331   33.070  2.343   2.077  0.0000  0.000  0.000 0.000    8.839 -1.031   2.235  0.0000  0.000  0.000 0.000
   112 DB         2   118.080   21.671  1.804   2.093  0.0000  0.000  0.000 0.000   16.271 -1.673   2.272  0.0000  0.000  0.000 0.000
   113 D1        10   120.280   14.685  1.372   2.113  0.0000  0.000  0.000 0.000   24.761 -2.186   2.290  0.0000  0.000  0.000 0.000
   114 D1        11   122.480    9.599  0.940   2.143  0.0000  0.000  0.000 0.000   35.509 -2.700   2.302  0.0000  0.000  0.000 0.000
   115 QDS2       1   123.480   10.686 -2.133   2.159  0.0000  0.000  0.000 0.000   30.565  7.144   2.306  0.0000  0.000  0.000 0.000
   116 MD3        1   123.480   10.686 -2.133   2.159  0.0000  0.000  0.000 0.000   30.565  7.144   2.306  0.0000  0.000  0.000 0.000
   117 DS6        1   124.080   13.433 -2.445   2.167  0.0000  0.000  0.000 0.000   22.605  6.123   2.310  0.0000  0.000  0.000 0.000
   118 QFS2       1   125.080   15.098  0.914   2.178  0.0000  0.000  0.000 0.000   16.000  1.000   2.319  0.0000  0.000  0.000 0.000
   119 MD1        1   125.080   15.098  0.914   2.178  0.0000  0.000  0.000 0.000   16.000  1.000   2.319  0.0000  0.000  0.000 0.000
   120 DS7        1   133.080    8.254 -0.059   2.305  0.0000  0.000  0.000 0.000    8.000  0.000   2.444  0.0000  0.000  0.000 0.000
   121 S1         1   133.080    8.254 -0.059   2.305  0.0000  0.000  0.000 0.000    8.000  0.000   2.444  0.0000  0.000  0.000 0.000
   122 DS7        2   141.080   16.971 -1.031   2.423  0.0000  0.000  0.000 0.000   16.000 -1.000   2.569  0.0000  0.000  0.000 0.000
   123 MD2        1   141.080   16.971 -1.031   2.423  0.0000  0.000  0.000 0.000   16.000 -1.000   2.569  0.0000  0.000  0.000 0.000
   124 QDS20      1   142.080   24.390 -7.025   2.431  0.0000  0.000  0.000 0.000   13.947  2.871   2.579  0.0000  0.000  0.000 0.000
   125 DS6        2   142.680   33.563 -8.263   2.435  0.0000  0.000  0.000 0.000   10.740  2.473   2.587  0.0000  0.000  0.000 0.000
1BRing                                                                             "MAD" Version: 8.51/15   Run: 21/04/16  10.52.52
 Linear lattice functions.    TWISS               line: RING                       range: #S/#E                                   
 Delta(p)/p:     0.000000     symm: F             super:   1                                                             page     4
 ----------------------------------------------------------------------------------------------------------------------------------
      ELEMENT SEQUENCE       I                H O R I Z O N T A L               I                  V E R T I C A L
 pos.  element occ.     dist I   betax  alfax   mux    x(co)  px(co) Dx    Dpx  I   betay   alfay    muy    y(co)  py(co)  Dy    Dpy
 no.   name    no.      [m]  I   [m]    [1]     [2pi]  [mm]   [.001] [m]   [1]  I   [m]     [1]      [2pi]  [mm]   [.001]  [m]   [1]
 ----------------------------------------------------------------------------------------------------------------------------------
   126 MD4        1   142.680   33.563 -8.263   2.435  0.0000  0.000  0.000 0.000   10.740  2.473   2.587  0.0000  0.000  0.000 0.000
   127 QFS20      1   143.680   39.556  2.892   2.439  0.0000  0.000  0.000 0.000    9.080 -0.647   2.603  0.0000  0.000  0.000 0.000
   128 D3         3   144.680   34.009  2.655   2.443  0.0000  0.000  0.000 0.000   10.531 -0.804   2.620  0.0000  0.000  0.000 0.000
   129 DB         3   147.429   21.201  2.004   2.459  0.0000  0.000  0.000 0.000   16.129 -1.233   2.654  0.0000  0.000  0.000 0.000
   130 D1        12   149.629   13.526  1.484   2.480  0.0000  0.000  0.000 0.000   22.311 -1.577   2.672  0.0000  0.000  0.000 0.000
   131 D1        13   151.829    8.143  0.963   2.514  0.0000  0.000  0.000 0.000   30.005 -1.921   2.686  0.0000  0.000  0.000 0.000
   132 QDS10      1   152.829    8.476 -1.325   2.534  0.0000  0.000  0.000 0.000   26.059  5.511   2.691  0.0000  0.000  0.000 0.000
   133 D0        18   153.429   10.184 -1.520   2.544  0.0000  0.000  0.000 0.000   19.879  4.789   2.695  0.0000  0.000  0.000 0.000
   134 QFS10      1   154.429   10.441  1.287   2.559  0.0000  0.000  0.000 0.000   15.748 -0.287   2.705  0.0000  0.000  0.000 0.000
   135 D3         4   155.429    8.123  1.032   2.576  0.0000  0.000  0.000 0.000   16.390 -0.355   2.715  0.0000  0.000  0.000 0.000
   136 DB         4   158.178    4.369  0.333   2.652  0.0000  0.000  0.000 0.000   18.864 -0.544   2.740  0.0000  0.000  0.000 0.000
   137 D1        14   160.378    4.134 -0.226   2.739  0.0000  0.000  0.000 0.000   21.592 -0.696   2.757  0.0000  0.000  0.000 0.000
   138 QD3        1   160.878    4.632 -0.785   2.757  0.0000  0.000  0.000 0.000   21.271  1.327   2.761  0.0000  0.000  0.000 0.000
   139 QD3        2   161.378    5.755 -1.497   2.773  0.0000  0.000  0.000 0.000   19.021  3.101   2.765  0.0000  0.000  0.000 0.000
   140 D1        15   163.578   15.065 -2.735   2.811  0.0000  0.000  0.000 0.000    8.077  1.873   2.793  0.0000  0.000  0.000 0.000
   141 D0        19   164.178   18.550 -3.073   2.817  0.0000  0.000  0.000 0.000    6.030  1.538   2.807  0.0000  0.000  0.000 0.000
   142 MD3        2   164.178   18.550 -3.073   2.817  0.0000  0.000  0.000 0.000    6.030  1.538   2.807  0.0000  0.000  0.000 0.000
 end   STRAIGHT   1   164.178   18.550 -3.073   2.817  0.0000  0.000  0.000 0.000    6.030  1.538   2.807  0.0000  0.000  0.000 0.000
 begin FODO       2   164.178   18.550 -3.073   2.817  0.0000  0.000  0.000 0.000    6.030  1.538   2.807  0.0000  0.000  0.000 0.000
   143 QF1       17   164.678   20.485 -0.714   2.821  0.0000  0.000  0.000 0.000    4.958  0.651   2.821  0.0000  0.000  0.000 0.000
   144 QF1       18   165.178   19.919  1.821   2.825  0.0000  0.000  0.000 0.000    4.673 -0.068   2.838  0.0000  0.000  0.000 0.000
   145 D4         7   166.578   15.245  1.518   2.837  0.0000  0.000  0.000 0.000    5.286 -0.369   2.884  0.0000  0.000  0.000 0.000
   146 RB        17   169.327    8.552  0.924   2.876  0.0000  0.000  0.180 0.131    8.834 -0.910   2.950  0.0000  0.000  0.000 0.000
   147 D0        20   169.927    7.522  0.794   2.888  0.0000  0.000  0.258 0.131   10.001 -1.034   2.960  0.0000  0.000  0.000 0.000
   148 RB        18   172.676    4.798  0.200   2.963  0.0000  0.000  0.797 0.262   17.033 -1.502   2.993  0.0000  0.000  0.000 0.000
 begin D2SV       5   172.676    4.798  0.200   2.963  0.0000  0.000  0.797 0.262   17.033 -1.502   2.993  0.0000  0.000  0.000 0.000
   149 D400       5   173.076    4.673  0.113   2.977  0.0000  0.000  0.902 0.262   18.265 -1.578   2.997  0.0000  0.000  0.000 0.000
   150 SCV        5   173.476    4.618  0.026   2.991  0.0000  0.000  1.007 0.262   19.558 -1.655   3.000  0.0000  0.000  0.000 0.000
   151 D200       7   173.676    4.616 -0.017   2.997  0.0000  0.000  1.059 0.262   20.227 -1.693   3.002  0.0000  0.000  0.000 0.000
 end   D2SV       5   173.676    4.616 -0.017   2.997  0.0000  0.000  1.059 0.262   20.227 -1.693   3.002  0.0000  0.000  0.000 0.000
   152 QD1       17   174.076    4.893 -0.689   3.011  0.0000  0.000  1.191 0.399   20.599  0.779   3.005  0.0000  0.000  0.000 0.000
   153 QD1       18   174.476    5.754 -1.497   3.023  0.0000  0.000  1.381 0.555   19.021  3.102   3.008  0.0000  0.000  0.000 0.000
   154 D1        16   176.676   15.064 -2.735   3.061  0.0000  0.000  2.601 0.555    8.075  1.873   3.037  0.0000  0.000  0.000 0.000
   155 D0        21   177.276   18.550 -3.073   3.067  0.0000  0.000  2.934 0.555    6.028  1.538   3.050  0.0000  0.000  0.000 0.000
   156 QF1       19   177.776   20.485 -0.715   3.071  0.0000  0.000  3.116 0.170    4.956  0.651   3.065  0.0000  0.000  0.000 0.000
   157 QF1       20   178.276   19.920  1.821   3.075  0.0000  0.000  3.102-0.225    4.671 -0.068   3.082  0.0000  0.000  0.000 0.000
   158 D4         8   179.676   15.246  1.518   3.087  0.0000  0.000  2.787-0.225    5.283 -0.369   3.127  0.0000  0.000  0.000 0.000
   159 RB        19   182.425    8.554  0.924   3.126  0.0000  0.000  2.349-0.094    8.831 -0.910   3.193  0.0000  0.000  0.000 0.000
   160 D0        22   183.025    7.524  0.794   3.138  0.0000  0.000  2.293-0.094    9.998 -1.035   3.203  0.0000  0.000  0.000 0.000
   161 RB        20   185.773    4.800  0.200   3.213  0.0000  0.000  2.215 0.037   17.031 -1.502   3.237  0.0000  0.000  0.000 0.000
   162 D2         5   186.773    4.617 -0.017   3.247  0.0000  0.000  2.252 0.037   20.226 -1.693   3.246  0.0000  0.000  0.000 0.000
   163 QD1       19   187.173    4.895 -0.689   3.261  0.0000  0.000  2.322 0.314   20.598  0.779   3.249  0.0000  0.000  0.000 0.000
   164 QD1       20   187.573    5.755 -1.497   3.273  0.0000  0.000  2.505 0.607   19.020  3.101   3.252  0.0000  0.000  0.000 0.000
   165 D1        17   189.773   15.065 -2.735   3.311  0.0000  0.000  3.841 0.607    8.076  1.873   3.281  0.0000  0.000  0.000 0.000
   166 D0        23   190.373   18.550 -3.073   3.317  0.0000  0.000  4.205 0.607    6.030  1.538   3.294  0.0000  0.000  0.000 0.000
   167 QF1       21   190.873   20.485 -0.714   3.321  0.0000  0.000  4.373 0.062    4.958  0.651   3.309  0.0000  0.000  0.000 0.000
   168 QF1       22   191.373   19.919  1.821   3.325  0.0000  0.000  4.266-0.487    4.672 -0.068   3.326  0.0000  0.000  0.000 0.000
1BRing                                                                             "MAD" Version: 8.51/15   Run: 21/04/16  10.52.52
 Linear lattice functions.    TWISS               line: RING                       range: #S/#E                                   
 Delta(p)/p:     0.000000     symm: F             super:   1                                                             page     5
 ----------------------------------------------------------------------------------------------------------------------------------
      ELEMENT SEQUENCE       I                H O R I Z O N T A L               I                  V E R T I C A L
 pos.  element occ.     dist I   betax  alfax   mux    x(co)  px(co) Dx    Dpx  I   betay   alfay    muy    y(co)  py(co)  Dy    Dpy
 no.   name    no.      [m]  I   [m]    [1]     [2pi]  [mm]   [.001] [m]   [1]  I   [m]     [1]      [2pi]  [mm]   [.001]  [m]   [1]
 ----------------------------------------------------------------------------------------------------------------------------------
   169 D4         9   192.773   15.245  1.518   3.337  0.0000  0.000  3.584-0.487    5.286 -0.370   3.371  0.0000  0.000  0.000 0.000
   170 RB        21   195.522    8.552  0.924   3.376  0.0000  0.000  2.428-0.356    8.834 -0.910   3.437  0.0000  0.000  0.000 0.000
   171 D0        24   196.122    7.522  0.794   3.388  0.0000  0.000  2.214-0.356   10.001 -1.035   3.447  0.0000  0.000  0.000 0.000
   172 RB        22   198.871    4.798  0.200   3.463  0.0000  0.000  1.418-0.225   17.033 -1.502   3.481  0.0000  0.000  0.000 0.000
 begin D2SV       6   198.871    4.798  0.200   3.463  0.0000  0.000  1.418-0.225   17.033 -1.502   3.481  0.0000  0.000  0.000 0.000
   173 D400       6   199.271    4.673  0.113   3.477  0.0000  0.000  1.328-0.225   18.265 -1.578   3.485  0.0000  0.000  0.000 0.000
   174 SCV        6   199.671    4.618  0.026   3.491  0.0000  0.000  1.237-0.225   19.558 -1.655   3.488  0.0000  0.000  0.000 0.000
   175 D200       8   199.871    4.616 -0.017   3.497  0.0000  0.000  1.192-0.225   20.228 -1.693   3.490  0.0000  0.000  0.000 0.000
 end   D2SV       6   199.871    4.616 -0.017   3.497  0.0000  0.000  1.192-0.225   20.228 -1.693   3.490  0.0000  0.000  0.000 0.000
   176 QD1       21   200.271    4.893 -0.689   3.511  0.0000  0.000  1.131-0.084   20.599  0.779   3.493  0.0000  0.000  0.000 0.000
   177 QD1       22   200.671    5.754 -1.497   3.523  0.0000  0.000  1.124 0.052   19.021  3.102   3.496  0.0000  0.000  0.000 0.000
   178 D1        18   202.871   15.064 -2.735   3.561  0.0000  0.000  1.240 0.052    8.076  1.873   3.524  0.0000  0.000  0.000 0.000
   179 D0        25   203.471   18.550 -3.073   3.567  0.0000  0.000  1.271 0.052    6.029  1.538   3.538  0.0000  0.000  0.000 0.000
   180 QF1       23   203.971   20.485 -0.715   3.571  0.0000  0.000  1.257-0.108    4.956  0.651   3.553  0.0000  0.000  0.000 0.000
   181 QF1       24   204.471   19.920  1.821   3.575  0.0000  0.000  1.164-0.262    4.671 -0.068   3.569  0.0000  0.000  0.000 0.000
 begin D4SH       3   204.471   19.920  1.821   3.575  0.0000  0.000  1.164-0.262    4.671 -0.068   3.569  0.0000  0.000  0.000 0.000
   182 D200       9   204.671   19.200  1.778   3.576  0.0000  0.000  1.112-0.262    4.707 -0.111   3.576  0.0000  0.000  0.000 0.000
   183 SCH        3   205.071   17.813  1.691   3.580  0.0000  0.000  1.007-0.262    4.830 -0.197   3.590  0.0000  0.000  0.000 0.000
   184 D800       3   205.871   15.246  1.518   3.587  0.0000  0.000  0.797-0.262    5.283 -0.369   3.615  0.0000  0.000  0.000 0.000
 end   D4SH       3   205.871   15.246  1.518   3.587  0.0000  0.000  0.797-0.262    5.283 -0.369   3.615  0.0000  0.000  0.000 0.000
   185 RB        23   208.620    8.554  0.924   3.626  0.0000  0.000  0.258-0.131    8.831 -0.910   3.681  0.0000  0.000  0.000 0.000
   186 D0        26   209.220    7.524  0.794   3.638  0.0000  0.000  0.180-0.131    9.998 -1.035   3.691  0.0000  0.000  0.000 0.000
   187 RB        24   211.969    4.800  0.200   3.713  0.0000  0.000  0.000 0.000   17.030 -1.502   3.725  0.0000  0.000  0.000 0.000
   188 D2         6   212.969    4.617 -0.017   3.747  0.0000  0.000  0.000 0.000   20.225 -1.693   3.733  0.0000  0.000  0.000 0.000
   189 QD1       23   213.369    4.895 -0.689   3.761  0.0000  0.000  0.000 0.000   20.597  0.779   3.736  0.0000  0.000  0.000 0.000
   190 QD1       24   213.769    5.755 -1.497   3.773  0.0000  0.000  0.000 0.000   19.019  3.101   3.740  0.0000  0.000  0.000 0.000
   191 D1        19   215.969   15.065 -2.735   3.811  0.0000  0.000  0.000 0.000    8.076  1.873   3.768  0.0000  0.000  0.000 0.000
   192 D0        27   216.569   18.550 -3.073   3.817  0.0000  0.000  0.000 0.000    6.029  1.538   3.782  0.0000  0.000  0.000 0.000
   193 QF1       25   217.069   20.485 -0.714   3.821  0.0000  0.000  0.000 0.000    4.957  0.651   3.796  0.0000  0.000  0.000 0.000
   194 QF1       26   217.569   19.919  1.821   3.825  0.0000  0.000  0.000 0.000    4.672 -0.069   3.813  0.0000  0.000  0.000 0.000
   195 D4        10   218.969   15.245  1.518   3.837  0.0000  0.000  0.000 0.000    5.286 -0.370   3.859  0.0000  0.000  0.000 0.000
   196 RB        25   221.718    8.552  0.924   3.876  0.0000  0.000  0.180 0.131    8.835 -0.910   3.925  0.0000  0.000  0.000 0.000
   197 D0        28   222.318    7.522  0.794   3.888  0.0000  0.000  0.258 0.131   10.002 -1.035   3.935  0.0000  0.000  0.000 0.000
   198 RB        26   225.067    4.798  0.200   3.963  0.0000  0.000  0.797 0.262   17.034 -1.502   3.968  0.0000  0.000  0.000 0.000
   199 D2         7   226.067    4.616 -0.017   3.997  0.0000  0.000  1.059 0.262   20.229 -1.693   3.977  0.0000  0.000  0.000 0.000
   200 QD1       25   226.467    4.893 -0.689   4.011  0.0000  0.000  1.191 0.399   20.600  0.779   3.980  0.0000  0.000  0.000 0.000
   201 QD1       26   226.867    5.754 -1.497   4.023  0.0000  0.000  1.381 0.555   19.022  3.102   3.983  0.0000  0.000  0.000 0.000
   202 D1        20   229.067   15.064 -2.735   4.061  0.0000  0.000  2.601 0.555    8.076  1.873   4.012  0.0000  0.000  0.000 0.000
   203 D0        29   229.667   18.550 -3.073   4.067  0.0000  0.000  2.934 0.555    6.029  1.538   4.025  0.0000  0.000  0.000 0.000
   204 QF1       27   230.167   20.485 -0.715   4.071  0.0000  0.000  3.116 0.170    4.956  0.651   4.040  0.0000  0.000  0.000 0.000
   205 QF1       28   230.667   19.920  1.821   4.075  0.0000  0.000  3.102-0.225    4.671 -0.068   4.057  0.0000  0.000  0.000 0.000
 begin D4SH       4   230.667   19.920  1.821   4.075  0.0000  0.000  3.102-0.225    4.671 -0.068   4.057  0.0000  0.000  0.000 0.000
   206 D200      10   230.867   19.200  1.778   4.076  0.0000  0.000  3.057-0.225    4.707 -0.111   4.064  0.0000  0.000  0.000 0.000
   207 SCH        4   231.267   17.813  1.691   4.080  0.0000  0.000  2.967-0.225    4.830 -0.197   4.077  0.0000  0.000  0.000 0.000
   208 D800       4   232.067   15.246  1.518   4.087  0.0000  0.000  2.787-0.225    5.283 -0.369   4.102  0.0000  0.000  0.000 0.000
 end   D4SH       4   232.067   15.246  1.518   4.087  0.0000  0.000  2.787-0.225    5.283 -0.369   4.102  0.0000  0.000  0.000 0.000
   209 RB        27   234.816    8.554  0.924   4.126  0.0000  0.000  2.349-0.094    8.831 -0.910   4.168  0.0000  0.000  0.000 0.000
1BRing                                                                             "MAD" Version: 8.51/15   Run: 21/04/16  10.52.52
 Linear lattice functions.    TWISS               line: RING                       range: #S/#E                                   
 Delta(p)/p:     0.000000     symm: F             super:   1                                                             page     6
 ----------------------------------------------------------------------------------------------------------------------------------
      ELEMENT SEQUENCE       I                H O R I Z O N T A L               I                  V E R T I C A L
 pos.  element occ.     dist I   betax  alfax   mux    x(co)  px(co) Dx    Dpx  I   betay   alfay    muy    y(co)  py(co)  Dy    Dpy
 no.   name    no.      [m]  I   [m]    [1]     [2pi]  [mm]   [.001] [m]   [1]  I   [m]     [1]      [2pi]  [mm]   [.001]  [m]   [1]
 ----------------------------------------------------------------------------------------------------------------------------------
   210 D0        30   235.416    7.524  0.794   4.138  0.0000  0.000  2.293-0.094    9.998 -1.034   4.178  0.0000  0.000  0.000 0.000
   211 RB        28   238.165    4.800  0.200   4.213  0.0000  0.000  2.215 0.037   17.030 -1.502   4.212  0.0000  0.000  0.000 0.000
 begin D2SV       7   238.165    4.800  0.200   4.213  0.0000  0.000  2.215 0.037   17.030 -1.502   4.212  0.0000  0.000  0.000 0.000
   212 D400       7   238.565    4.675  0.113   4.227  0.0000  0.000  2.230 0.037   18.262 -1.578   4.216  0.0000  0.000  0.000 0.000
   213 SCV        7   238.965    4.619  0.027   4.241  0.0000  0.000  2.245 0.037   19.555 -1.655   4.219  0.0000  0.000  0.000 0.000
   214 D200      11   239.165    4.617 -0.017   4.247  0.0000  0.000  2.252 0.037   20.225 -1.693   4.221  0.0000  0.000  0.000 0.000
 end   D2SV       7   239.165    4.617 -0.017   4.247  0.0000  0.000  2.252 0.037   20.225 -1.693   4.221  0.0000  0.000  0.000 0.000
   215 QD1       27   239.565    4.895 -0.689   4.261  0.0000  0.000  2.322 0.314   20.596  0.779   4.224  0.0000  0.000  0.000 0.000
   216 QD1       28   239.965    5.755 -1.497   4.273  0.0000  0.000  2.505 0.607   19.019  3.101   4.227  0.0000  0.000  0.000 0.000
   217 D1        21   242.165   15.065 -2.735   4.311  0.0000  0.000  3.841 0.607    8.076  1.873   4.256  0.0000  0.000  0.000 0.000
   218 D0        31   242.765   18.550 -3.073   4.317  0.0000  0.000  4.205 0.607    6.029  1.538   4.269  0.0000  0.000  0.000 0.000
   219 QF1       29   243.265   20.485 -0.714   4.321  0.0000  0.000  4.373 0.062    4.957  0.651   4.284  0.0000  0.000  0.000 0.000
   220 QF1       30   243.765   19.919  1.821   4.325  0.0000  0.000  4.266-0.487    4.672 -0.069   4.301  0.0000  0.000  0.000 0.000
   221 D4        11   245.165   15.245  1.518   4.337  0.0000  0.000  3.584-0.487    5.286 -0.370   4.346  0.0000  0.000  0.000 0.000
   222 RB        29   247.913    8.552  0.924   4.376  0.0000  0.000  2.428-0.356    8.835 -0.910   4.412  0.0000  0.000  0.000 0.000
   223 D0        32   248.513    7.522  0.794   4.388  0.0000  0.000  2.214-0.356   10.002 -1.035   4.422  0.0000  0.000  0.000 0.000
   224 RB        30   251.262    4.798  0.200   4.463  0.0000  0.000  1.418-0.225   17.035 -1.502   4.456  0.0000  0.000  0.000 0.000
   225 D2         8   252.262    4.616 -0.017   4.497  0.0000  0.000  1.192-0.225   20.229 -1.693   4.465  0.0000  0.000  0.000 0.000
   226 QD1       29   252.662    4.893 -0.689   4.511  0.0000  0.000  1.131-0.084   20.601  0.779   4.468  0.0000  0.000  0.000 0.000
   227 QD1       30   253.062    5.754 -1.497   4.523  0.0000  0.000  1.124 0.052   19.023  3.102   4.471  0.0000  0.000  0.000 0.000
   228 D1        22   255.262   15.064 -2.735   4.561  0.0000  0.000  1.240 0.052    8.076  1.874   4.499  0.0000  0.000  0.000 0.000
   229 D0        33   255.862   18.550 -3.073   4.567  0.0000  0.000  1.271 0.052    6.029  1.538   4.513  0.0000  0.000  0.000 0.000
   230 QF1       31   256.362   20.485 -0.715   4.571  0.0000  0.000  1.257-0.108    4.957  0.651   4.528  0.0000  0.000  0.000 0.000
   231 QF1       32   256.862   19.920  1.821   4.575  0.0000  0.000  1.164-0.262    4.671 -0.068   4.544  0.0000  0.000  0.000 0.000
   232 D4        12   258.262   15.246  1.518   4.587  0.0000  0.000  0.797-0.262    5.283 -0.369   4.590  0.0000  0.000  0.000 0.000
   233 RB        31   261.011    8.554  0.924   4.626  0.0000  0.000  0.258-0.131    8.831 -0.910   4.656  0.0000  0.000  0.000 0.000
   234 D0        34   261.611    7.524  0.794   4.638  0.0000  0.000  0.180-0.131    9.997 -1.034   4.666  0.0000  0.000  0.000 0.000
   235 RB        32   264.360    4.800  0.200   4.713  0.0000  0.000  0.000 0.000   17.029 -1.502   4.700  0.0000  0.000  0.000 0.000
 begin D2SV       8   264.360    4.800  0.200   4.713  0.0000  0.000  0.000 0.000   17.029 -1.502   4.700  0.0000  0.000  0.000 0.000
   236 D400       8   264.760    4.675  0.113   4.727  0.0000  0.000  0.000 0.000   18.261 -1.578   4.703  0.0000  0.000  0.000 0.000
   237 SCV        8   265.160    4.619  0.027   4.741  0.0000  0.000  0.000 0.000   19.554 -1.655   4.707  0.0000  0.000  0.000 0.000
   238 D200      12   265.360    4.617 -0.017   4.747  0.0000  0.000  0.000 0.000   20.224 -1.693   4.708  0.0000  0.000  0.000 0.000
 end   D2SV       8   265.360    4.617 -0.017   4.747  0.0000  0.000  0.000 0.000   20.224 -1.693   4.708  0.0000  0.000  0.000 0.000
   239 QD1       31   265.760    4.895 -0.689   4.761  0.0000  0.000  0.000 0.000   20.596  0.779   4.711  0.0000  0.000  0.000 0.000
   240 QD1       32   266.160    5.755 -1.497   4.773  0.0000  0.000  0.000 0.000   19.018  3.101   4.715  0.0000  0.000  0.000 0.000
   241 D1        23   268.360   15.065 -2.735   4.811  0.0000  0.000  0.000 0.000    8.076  1.873   4.743  0.0000  0.000  0.000 0.000
   242 D0        35   268.960   18.550 -3.073   4.817  0.0000  0.000  0.000 0.000    6.029  1.538   4.757  0.0000  0.000  0.000 0.000
 end   FODO       2   268.960   18.550 -3.073   4.817  0.0000  0.000  0.000 0.000    6.029  1.538   4.757  0.0000  0.000  0.000 0.000
 begin STRAIGHT   2   268.960   18.550 -3.073   4.817  0.0000  0.000  0.000 0.000    6.029  1.538   4.757  0.0000  0.000  0.000 0.000
   243 MD         2   268.960   18.550 -3.073   4.817  0.0000  0.000  0.000 0.000    6.029  1.538   4.757  0.0000  0.000  0.000 0.000
   244 QF3        3   269.460   20.846 -1.449   4.821  0.0000  0.000  0.000 0.000    4.862  0.831   4.772  0.0000  0.000  0.000 0.000
   245 QF3        4   269.960   21.361  0.433   4.824  0.0000  0.000  0.000 0.000    4.317  0.276   4.789  0.0000  0.000  0.000 0.000
   246 D3         5   270.960   20.551  0.377   4.832  0.0000  0.000  0.000 0.000    4.015  0.026   4.828  0.0000  0.000  0.000 0.000
   247 DB         5   273.709   18.898  0.224   4.854  0.0000  0.000  0.000 0.000    5.753 -0.659   4.925  0.0000  0.000  0.000 0.000
   248 D1        24   275.909   18.179  0.102   4.873  0.0000  0.000  0.000 0.000    9.858 -1.207   4.972  0.0000  0.000  0.000 0.000
   249 QDS1       2   276.909   23.986 -6.476   4.881  0.0000  0.000  0.000 0.000    9.382  1.635   4.988  0.0000  0.000  0.000 0.000
   250 D0        36   277.509   32.401 -7.549   4.885  0.0000  0.000  0.000 0.000    7.561  1.400   4.999  0.0000  0.000  0.000 0.000
1BRing                                                                             "MAD" Version: 8.51/15   Run: 21/04/16  10.52.52
 Linear lattice functions.    TWISS               line: RING                       range: #S/#E                                   
 Delta(p)/p:     0.000000     symm: F             super:   1                                                             page     7
 ----------------------------------------------------------------------------------------------------------------------------------
      ELEMENT SEQUENCE       I                H O R I Z O N T A L               I                  V E R T I C A L
 pos.  element occ.     dist I   betax  alfax   mux    x(co)  px(co) Dx    Dpx  I   betay   alfay    muy    y(co)  py(co)  Dy    Dpy
 no.   name    no.      [m]  I   [m]    [1]     [2pi]  [mm]   [.001] [m]   [1]  I   [m]     [1]      [2pi]  [mm]   [.001]  [m]   [1]
 ----------------------------------------------------------------------------------------------------------------------------------
   251 MD5        2   277.509   32.401 -7.549   4.885  0.0000  0.000  0.000 0.000    7.561  1.400   4.999  0.0000  0.000  0.000 0.000
   252 QFS1       2   278.509   37.952  2.539   4.889  0.0000  0.000  0.000 0.000    7.010 -0.798   5.022  0.0000  0.000  0.000 0.000
   253 D3         6   279.509   33.070  2.343   4.894  0.0000  0.000  0.000 0.000    8.839 -1.031   5.042  0.0000  0.000  0.000 0.000
   254 DB         6   282.258   21.671  1.804   4.910  0.0000  0.000  0.000 0.000   16.271 -1.673   5.079  0.0000  0.000  0.000 0.000
   255 D1        25   284.458   14.685  1.372   4.930  0.0000  0.000  0.000 0.000   24.761 -2.186   5.096  0.0000  0.000  0.000 0.000
   256 D1        26   286.658    9.599  0.940   4.959  0.0000  0.000  0.000 0.000   35.509 -2.700   5.108  0.0000  0.000  0.000 0.000
   257 QDS2       2   287.658   10.686 -2.133   4.976  0.0000  0.000  0.000 0.000   30.565  7.144   5.113  0.0000  0.000  0.000 0.000
   258 MD3        3   287.658   10.686 -2.133   4.976  0.0000  0.000  0.000 0.000   30.565  7.144   5.113  0.0000  0.000  0.000 0.000
   259 DS6        3   288.258   13.433 -2.445   4.984  0.0000  0.000  0.000 0.000   22.605  6.123   5.117  0.0000  0.000  0.000 0.000
   260 QFS2       2   289.258   15.098  0.914   4.994  0.0000  0.000  0.000 0.000   16.000  1.000   5.125  0.0000  0.000  0.000 0.000
   261 MD1        2   289.258   15.098  0.914   4.994  0.0000  0.000  0.000 0.000   16.000  1.000   5.125  0.0000  0.000  0.000 0.000
   262 DS7        3   297.258    8.254 -0.059   5.122  0.0000  0.000  0.000 0.000    8.000  0.000   5.250  0.0000  0.000  0.000 0.000
   263 S1         2   297.258    8.254 -0.059   5.122  0.0000  0.000  0.000 0.000    8.000  0.000   5.250  0.0000  0.000  0.000 0.000
   264 DS7        4   305.258   16.971 -1.031   5.240  0.0000  0.000  0.000 0.000   16.000 -1.000   5.375  0.0000  0.000  0.000 0.000
   265 MD2        2   305.258   16.971 -1.031   5.240  0.0000  0.000  0.000 0.000   16.000 -1.000   5.375  0.0000  0.000  0.000 0.000
   266 QDS20      2   306.258   24.390 -7.025   5.248  0.0000  0.000  0.000 0.000   13.947  2.871   5.385  0.0000  0.000  0.000 0.000
   267 DS6        4   306.858   33.563 -8.263   5.251  0.0000  0.000  0.000 0.000   10.740  2.473   5.393  0.0000  0.000  0.000 0.000
   268 MD4        2   306.858   33.563 -8.263   5.251  0.0000  0.000  0.000 0.000   10.740  2.473   5.393  0.0000  0.000  0.000 0.000
   269 QFS20      2   307.858   39.556  2.892   5.255  0.0000  0.000  0.000 0.000    9.080 -0.647   5.410  0.0000  0.000  0.000 0.000
   270 D3         7   308.858   34.009  2.655   5.260  0.0000  0.000  0.000 0.000   10.531 -0.804   5.427  0.0000  0.000  0.000 0.000
   271 DB         7   311.607   21.201  2.004   5.276  0.0000  0.000  0.000 0.000   16.129 -1.233   5.460  0.0000  0.000  0.000 0.000
   272 D1        27   313.807   13.526  1.484   5.297  0.0000  0.000  0.000 0.000   22.311 -1.577   5.479  0.0000  0.000  0.000 0.000
   273 D1        28   316.007    8.143  0.963   5.330  0.0000  0.000  0.000 0.000   30.005 -1.921   5.492  0.0000  0.000  0.000 0.000
   274 QDS10      2   317.007    8.476 -1.325   5.351  0.0000  0.000  0.000 0.000   26.059  5.511   5.498  0.0000  0.000  0.000 0.000
   275 D0        37   317.607   10.184 -1.520   5.361  0.0000  0.000  0.000 0.000   19.879  4.789   5.502  0.0000  0.000  0.000 0.000
   276 QFS10      2   318.607   10.441  1.287   5.376  0.0000  0.000  0.000 0.000   15.748 -0.287   5.511  0.0000  0.000  0.000 0.000
   277 D3         8   319.607    8.123  1.032   5.393  0.0000  0.000  0.000 0.000   16.390 -0.355   5.521  0.0000  0.000  0.000 0.000
   278 DB         8   322.356    4.369  0.333   5.469  0.0000  0.000  0.000 0.000   18.864 -0.544   5.546  0.0000  0.000  0.000 0.000
   279 D1        29   324.556    4.134 -0.226   5.556  0.0000  0.000  0.000 0.000   21.592 -0.696   5.564  0.0000  0.000  0.000 0.000
   280 QD3        3   325.056    4.632 -0.785   5.574  0.0000  0.000  0.000 0.000   21.271  1.327   5.567  0.0000  0.000  0.000 0.000
   281 QD3        4   325.556    5.755 -1.497   5.590  0.0000  0.000  0.000 0.000   19.021  3.101   5.571  0.0000  0.000  0.000 0.000
   282 D1        30   327.756   15.065 -2.735   5.628  0.0000  0.000  0.000 0.000    8.077  1.873   5.600  0.0000  0.000  0.000 0.000
   283 D0        38   328.356   18.550 -3.073   5.633  0.0000  0.000  0.000 0.000    6.030  1.538   5.613  0.0000  0.000  0.000 0.000
   284 MD3        4   328.356   18.550 -3.073   5.633  0.0000  0.000  0.000 0.000    6.030  1.538   5.613  0.0000  0.000  0.000 0.000
 end   STRAIGHT   2   328.356   18.550 -3.073   5.633  0.0000  0.000  0.000 0.000    6.030  1.538   5.613  0.0000  0.000  0.000 0.000
 begin FODO       3   328.356   18.550 -3.073   5.633  0.0000  0.000  0.000 0.000    6.030  1.538   5.613  0.0000  0.000  0.000 0.000
   285 QF1       33   328.856   20.485 -0.714   5.637  0.0000  0.000  0.000 0.000    4.958  0.651   5.628  0.0000  0.000  0.000 0.000
   286 QF1       34   329.356   19.919  1.821   5.641  0.0000  0.000  0.000 0.000    4.673 -0.068   5.645  0.0000  0.000  0.000 0.000
   287 D4        13   330.756   15.245  1.518   5.654  0.0000  0.000  0.000 0.000    5.286 -0.369   5.690  0.0000  0.000  0.000 0.000
   288 RB        33   333.505    8.552  0.924   5.693  0.0000  0.000  0.180 0.131    8.834 -0.910   5.756  0.0000  0.000  0.000 0.000
   289 D0        39   334.105    7.522  0.794   5.705  0.0000  0.000  0.258 0.131   10.001 -1.034   5.766  0.0000  0.000  0.000 0.000
   290 RB        34   336.854    4.798  0.200   5.780  0.0000  0.000  0.797 0.262   17.033 -1.502   5.800  0.0000  0.000  0.000 0.000
 begin D2SV       9   336.854    4.798  0.200   5.780  0.0000  0.000  0.797 0.262   17.033 -1.502   5.800  0.0000  0.000  0.000 0.000
   291 D400       9   337.254    4.673  0.113   5.794  0.0000  0.000  0.902 0.262   18.265 -1.578   5.804  0.0000  0.000  0.000 0.000
   292 SCV        9   337.654    4.618  0.026   5.807  0.0000  0.000  1.007 0.262   19.558 -1.655   5.807  0.0000  0.000  0.000 0.000
   293 D200      13   337.854    4.616 -0.017   5.814  0.0000  0.000  1.059 0.262   20.227 -1.693   5.809  0.0000  0.000  0.000 0.000
 end   D2SV       9   337.854    4.616 -0.017   5.814  0.0000  0.000  1.059 0.262   20.227 -1.693   5.809  0.0000  0.000  0.000 0.000
1BRing                                                                             "MAD" Version: 8.51/15   Run: 21/04/16  10.52.52
 Linear lattice functions.    TWISS               line: RING                       range: #S/#E                                   
 Delta(p)/p:     0.000000     symm: F             super:   1                                                             page     8
 ----------------------------------------------------------------------------------------------------------------------------------
      ELEMENT SEQUENCE       I                H O R I Z O N T A L               I                  V E R T I C A L
 pos.  element occ.     dist I   betax  alfax   mux    x(co)  px(co) Dx    Dpx  I   betay   alfay    muy    y(co)  py(co)  Dy    Dpy
 no.   name    no.      [m]  I   [m]    [1]     [2pi]  [mm]   [.001] [m]   [1]  I   [m]     [1]      [2pi]  [mm]   [.001]  [m]   [1]
 ----------------------------------------------------------------------------------------------------------------------------------
   294 QD1       33   338.254    4.893 -0.689   5.828  0.0000  0.000  1.191 0.399   20.599  0.779   5.812  0.0000  0.000  0.000 0.000
   295 QD1       34   338.654    5.754 -1.497   5.840  0.0000  0.000  1.381 0.555   19.021  3.102   5.815  0.0000  0.000  0.000 0.000
   296 D1        31   340.854   15.064 -2.735   5.878  0.0000  0.000  2.601 0.555    8.075  1.873   5.843  0.0000  0.000  0.000 0.000
   297 D0        40   341.454   18.550 -3.073   5.883  0.0000  0.000  2.934 0.555    6.028  1.538   5.857  0.0000  0.000  0.000 0.000
   298 QF1       35   341.954   20.485 -0.715   5.887  0.0000  0.000  3.116 0.170    4.956  0.651   5.872  0.0000  0.000  0.000 0.000
   299 QF1       36   342.454   19.920  1.821   5.891  0.0000  0.000  3.102-0.225    4.671 -0.068   5.889  0.0000  0.000  0.000 0.000
   300 D4        14   343.854   15.246  1.518   5.904  0.0000  0.000  2.787-0.225    5.283 -0.369   5.934  0.0000  0.000  0.000 0.000
   301 RB        35   346.602    8.554  0.924   5.943  0.0000  0.000  2.349-0.094    8.831 -0.910   6.000  0.0000  0.000  0.000 0.000
   302 D0        41   347.202    7.524  0.794   5.955  0.0000  0.000  2.293-0.094    9.998 -1.035   6.010  0.0000  0.000  0.000 0.000
   303 RB        36   349.951    4.800  0.200   6.030  0.0000  0.000  2.215 0.037   17.031 -1.502   6.044  0.0000  0.000  0.000 0.000
   304 D2         9   350.951    4.617 -0.017   6.064  0.0000  0.000  2.252 0.037   20.226 -1.693   6.053  0.0000  0.000  0.000 0.000
   305 QD1       35   351.351    4.895 -0.689   6.078  0.0000  0.000  2.322 0.314   20.598  0.779   6.056  0.0000  0.000  0.000 0.000
   306 QD1       36   351.751    5.755 -1.497   6.090  0.0000  0.000  2.505 0.607   19.020  3.101   6.059  0.0000  0.000  0.000 0.000
   307 D1        32   353.951   15.065 -2.735   6.128  0.0000  0.000  3.841 0.607    8.076  1.873   6.087  0.0000  0.000  0.000 0.000
   308 D0        42   354.551   18.550 -3.073   6.133  0.0000  0.000  4.205 0.607    6.030  1.538   6.101  0.0000  0.000  0.000 0.000
   309 QF1       37   355.051   20.485 -0.714   6.137  0.0000  0.000  4.373 0.062    4.958  0.651   6.116  0.0000  0.000  0.000 0.000
   310 QF1       38   355.551   19.919  1.821   6.141  0.0000  0.000  4.266-0.487    4.672 -0.068   6.132  0.0000  0.000  0.000 0.000
   311 D4        15   356.951   15.245  1.518   6.154  0.0000  0.000  3.584-0.487    5.286 -0.370   6.178  0.0000  0.000  0.000 0.000
   312 RB        37   359.700    8.552  0.924   6.193  0.0000  0.000  2.428-0.356    8.834 -0.910   6.244  0.0000  0.000  0.000 0.000
   313 D0        43   360.300    7.522  0.794   6.205  0.0000  0.000  2.214-0.356   10.001 -1.035   6.254  0.0000  0.000  0.000 0.000
   314 RB        38   363.049    4.798  0.200   6.280  0.0000  0.000  1.418-0.225   17.033 -1.502   6.288  0.0000  0.000  0.000 0.000
 begin D2SV      10   363.049    4.798  0.200   6.280  0.0000  0.000  1.418-0.225   17.033 -1.502   6.288  0.0000  0.000  0.000 0.000
   315 D400      10   363.449    4.673  0.113   6.294  0.0000  0.000  1.328-0.225   18.265 -1.578   6.291  0.0000  0.000  0.000 0.000
   316 SCV       10   363.849    4.618  0.026   6.307  0.0000  0.000  1.237-0.225   19.558 -1.655   6.295  0.0000  0.000  0.000 0.000
   317 D200      14   364.049    4.616 -0.017   6.314  0.0000  0.000  1.192-0.225   20.228 -1.693   6.296  0.0000  0.000  0.000 0.000
 end   D2SV      10   364.049    4.616 -0.017   6.314  0.0000  0.000  1.192-0.225   20.228 -1.693   6.296  0.0000  0.000  0.000 0.000
   318 QD1       37   364.449    4.893 -0.689   6.328  0.0000  0.000  1.131-0.084   20.599  0.779   6.299  0.0000  0.000  0.000 0.000
   319 QD1       38   364.849    5.754 -1.497   6.340  0.0000  0.000  1.124 0.052   19.021  3.102   6.303  0.0000  0.000  0.000 0.000
   320 D1        33   367.049   15.064 -2.735   6.378  0.0000  0.000  1.240 0.052    8.076  1.873   6.331  0.0000  0.000  0.000 0.000
   321 D0        44   367.649   18.550 -3.073   6.383  0.0000  0.000  1.271 0.052    6.029  1.538   6.345  0.0000  0.000  0.000 0.000
   322 QF1       39   368.149   20.485 -0.715   6.387  0.0000  0.000  1.257-0.108    4.956  0.651   6.359  0.0000  0.000  0.000 0.000
   323 QF1       40   368.649   19.920  1.821   6.391  0.0000  0.000  1.164-0.262    4.671 -0.068   6.376  0.0000  0.000  0.000 0.000
 begin D4SH       5   368.649   19.920  1.821   6.391  0.0000  0.000  1.164-0.262    4.671 -0.068   6.376  0.0000  0.000  0.000 0.000
   324 D200      15   368.849   19.200  1.778   6.393  0.0000  0.000  1.112-0.262    4.707 -0.111   6.383  0.0000  0.000  0.000 0.000
   325 SCH        5   369.249   17.813  1.691   6.396  0.0000  0.000  1.007-0.262    4.830 -0.197   6.396  0.0000  0.000  0.000 0.000
   326 D800       5   370.049   15.246  1.518   6.404  0.0000  0.000  0.797-0.262    5.283 -0.369   6.422  0.0000  0.000  0.000 0.000
 end   D4SH       5   370.049   15.246  1.518   6.404  0.0000  0.000  0.797-0.262    5.283 -0.369   6.422  0.0000  0.000  0.000 0.000
   327 RB        39   372.798    8.554  0.924   6.443  0.0000  0.000  0.258-0.131    8.831 -0.910   6.488  0.0000  0.000  0.000 0.000
   328 D0        45   373.398    7.524  0.794   6.455  0.0000  0.000  0.180-0.131    9.998 -1.035   6.498  0.0000  0.000  0.000 0.000
   329 RB        40   376.147    4.800  0.200   6.530  0.0000  0.000  0.000 0.000   17.030 -1.502   6.531  0.0000  0.000  0.000 0.000
   330 D2        10   377.147    4.617 -0.017   6.564  0.0000  0.000  0.000 0.000   20.225 -1.693   6.540  0.0000  0.000  0.000 0.000
   331 QD1       39   377.547    4.895 -0.689   6.578  0.0000  0.000  0.000 0.000   20.597  0.779   6.543  0.0000  0.000  0.000 0.000
   332 QD1       40   377.947    5.755 -1.497   6.590  0.0000  0.000  0.000 0.000   19.019  3.101   6.546  0.0000  0.000  0.000 0.000
   333 D1        34   380.147   15.065 -2.735   6.628  0.0000  0.000  0.000 0.000    8.076  1.873   6.575  0.0000  0.000  0.000 0.000
   334 D0        46   380.747   18.550 -3.073   6.633  0.0000  0.000  0.000 0.000    6.029  1.538   6.588  0.0000  0.000  0.000 0.000
   335 QF1       41   381.247   20.485 -0.714   6.637  0.0000  0.000  0.000 0.000    4.957  0.651   6.603  0.0000  0.000  0.000 0.000
   336 QF1       42   381.747   19.919  1.821   6.641  0.0000  0.000  0.000 0.000    4.672 -0.069   6.620  0.0000  0.000  0.000 0.000
1BRing                                                                             "MAD" Version: 8.51/15   Run: 21/04/16  10.52.52
 Linear lattice functions.    TWISS               line: RING                       range: #S/#E                                   
 Delta(p)/p:     0.000000     symm: F             super:   1                                                             page     9
 ----------------------------------------------------------------------------------------------------------------------------------
      ELEMENT SEQUENCE       I                H O R I Z O N T A L               I                  V E R T I C A L
 pos.  element occ.     dist I   betax  alfax   mux    x(co)  px(co) Dx    Dpx  I   betay   alfay    muy    y(co)  py(co)  Dy    Dpy
 no.   name    no.      [m]  I   [m]    [1]     [2pi]  [mm]   [.001] [m]   [1]  I   [m]     [1]      [2pi]  [mm]   [.001]  [m]   [1]
 ----------------------------------------------------------------------------------------------------------------------------------
   337 D4        16   383.147   15.245  1.518   6.654  0.0000  0.000  0.000 0.000    5.286 -0.370   6.665  0.0000  0.000  0.000 0.000
   338 RB        41   385.896    8.552  0.924   6.693  0.0000  0.000  0.180 0.131    8.835 -0.910   6.731  0.0000  0.000  0.000 0.000
   339 D0        47   386.496    7.522  0.794   6.705  0.0000  0.000  0.258 0.131   10.002 -1.035   6.741  0.0000  0.000  0.000 0.000
   340 RB        42   389.245    4.798  0.200   6.780  0.0000  0.000  0.797 0.262   17.034 -1.502   6.775  0.0000  0.000  0.000 0.000
   341 D2        11   390.245    4.616 -0.017   6.814  0.0000  0.000  1.059 0.262   20.229 -1.693   6.784  0.0000  0.000  0.000 0.000
   342 QD1       41   390.645    4.893 -0.689   6.828  0.0000  0.000  1.191 0.399   20.600  0.779   6.787  0.0000  0.000  0.000 0.000
   343 QD1       42   391.045    5.754 -1.497   6.840  0.0000  0.000  1.381 0.555   19.022  3.102   6.790  0.0000  0.000  0.000 0.000
   344 D1        35   393.245   15.064 -2.735   6.878  0.0000  0.000  2.601 0.555    8.076  1.873   6.818  0.0000  0.000  0.000 0.000
   345 D0        48   393.845   18.550 -3.073   6.883  0.0000  0.000  2.934 0.555    6.029  1.538   6.832  0.0000  0.000  0.000 0.000
   346 QF1       43   394.345   20.485 -0.715   6.887  0.0000  0.000  3.116 0.170    4.956  0.651   6.847  0.0000  0.000  0.000 0.000
   347 QF1       44   394.845   19.920  1.821   6.891  0.0000  0.000  3.102-0.225    4.671 -0.068   6.864  0.0000  0.000  0.000 0.000
 begin D4SH       6   394.845   19.920  1.821   6.891  0.0000  0.000  3.102-0.225    4.671 -0.068   6.864  0.0000  0.000  0.000 0.000
   348 D200      16   395.045   19.200  1.778   6.893  0.0000  0.000  3.057-0.225    4.707 -0.111   6.870  0.0000  0.000  0.000 0.000
   349 SCH        6   395.445   17.813  1.691   6.896  0.0000  0.000  2.967-0.225    4.830 -0.197   6.884  0.0000  0.000  0.000 0.000
   350 D800       6   396.245   15.246  1.518   6.904  0.0000  0.000  2.787-0.225    5.283 -0.369   6.909  0.0000  0.000  0.000 0.000
 end   D4SH       6   396.245   15.246  1.518   6.904  0.0000  0.000  2.787-0.225    5.283 -0.369   6.909  0.0000  0.000  0.000 0.000
   351 RB        43   398.994    8.554  0.924   6.943  0.0000  0.000  2.349-0.094    8.831 -0.910   6.975  0.0000  0.000  0.000 0.000
   352 D0        49   399.594    7.524  0.794   6.955  0.0000  0.000  2.293-0.094    9.998 -1.034   6.985  0.0000  0.000  0.000 0.000
   353 RB        44   402.342    4.800  0.200   7.030  0.0000  0.000  2.215 0.037   17.030 -1.502   7.019  0.0000  0.000  0.000 0.000
 begin D2SV      11   402.342    4.800  0.200   7.030  0.0000  0.000  2.215 0.037   17.030 -1.502   7.019  0.0000  0.000  0.000 0.000
   354 D400      11   402.742    4.675  0.113   7.044  0.0000  0.000  2.230 0.037   18.262 -1.578   7.023  0.0000  0.000  0.000 0.000
   355 SCV       11   403.142    4.619  0.027   7.057  0.0000  0.000  2.245 0.037   19.555 -1.655   7.026  0.0000  0.000  0.000 0.000
   356 D200      17   403.342    4.617 -0.017   7.064  0.0000  0.000  2.252 0.037   20.225 -1.693   7.028  0.0000  0.000  0.000 0.000
 end   D2SV      11   403.342    4.617 -0.017   7.064  0.0000  0.000  2.252 0.037   20.225 -1.693   7.028  0.0000  0.000  0.000 0.000
   357 QD1       43   403.742    4.895 -0.689   7.078  0.0000  0.000  2.322 0.314   20.596  0.779   7.031  0.0000  0.000  0.000 0.000
   358 QD1       44   404.142    5.755 -1.497   7.090  0.0000  0.000  2.505 0.607   19.019  3.101   7.034  0.0000  0.000  0.000 0.000
   359 D1        36   406.342   15.065 -2.735   7.128  0.0000  0.000  3.841 0.607    8.076  1.873   7.062  0.0000  0.000  0.000 0.000
   360 D0        50   406.942   18.550 -3.073   7.133  0.0000  0.000  4.205 0.607    6.029  1.538   7.076  0.0000  0.000  0.000 0.000
   361 QF1       45   407.442   20.485 -0.714   7.137  0.0000  0.000  4.373 0.062    4.957  0.651   7.091  0.0000  0.000  0.000 0.000
   362 QF1       46   407.942   19.919  1.821   7.141  0.0000  0.000  4.266-0.487    4.672 -0.069   7.107  0.0000  0.000  0.000 0.000
   363 D4        17   409.342   15.245  1.518   7.154  0.0000  0.000  3.584-0.487    5.286 -0.370   7.153  0.0000  0.000  0.000 0.000
   364 RB        45   412.091    8.552  0.924   7.193  0.0000  0.000  2.428-0.356    8.835 -0.910   7.219  0.0000  0.000  0.000 0.000
   365 D0        51   412.691    7.522  0.794   7.205  0.0000  0.000  2.214-0.356   10.002 -1.035   7.229  0.0000  0.000  0.000 0.000
   366 RB        46   415.440    4.798  0.200   7.280  0.0000  0.000  1.418-0.225   17.035 -1.502   7.263  0.0000  0.000  0.000 0.000
   367 D2        12   416.440    4.616 -0.017   7.314  0.0000  0.000  1.192-0.225   20.229 -1.693   7.271  0.0000  0.000  0.000 0.000
   368 QD1       45   416.840    4.893 -0.689   7.328  0.0000  0.000  1.131-0.084   20.601  0.779   7.274  0.0000  0.000  0.000 0.000
   369 QD1       46   417.240    5.754 -1.497   7.340  0.0000  0.000  1.124 0.052   19.023  3.102   7.278  0.0000  0.000  0.000 0.000
   370 D1        37   419.440   15.064 -2.735   7.378  0.0000  0.000  1.240 0.052    8.076  1.874   7.306  0.0000  0.000  0.000 0.000
   371 D0        52   420.040   18.550 -3.073   7.383  0.0000  0.000  1.271 0.052    6.029  1.538   7.320  0.0000  0.000  0.000 0.000
   372 QF1       47   420.540   20.485 -0.715   7.387  0.0000  0.000  1.257-0.108    4.957  0.651   7.334  0.0000  0.000  0.000 0.000
   373 QF1       48   421.040   19.920  1.821   7.391  0.0000  0.000  1.164-0.262    4.671 -0.068   7.351  0.0000  0.000  0.000 0.000
   374 D4        18   422.440   15.246  1.518   7.404  0.0000  0.000  0.797-0.262    5.283 -0.369   7.397  0.0000  0.000  0.000 0.000
   375 RB        47   425.189    8.554  0.924   7.443  0.0000  0.000  0.258-0.131    8.831 -0.910   7.463  0.0000  0.000  0.000 0.000
   376 D0        53   425.789    7.524  0.794   7.455  0.0000  0.000  0.180-0.131    9.997 -1.034   7.473  0.0000  0.000  0.000 0.000
   377 RB        48   428.538    4.800  0.200   7.530  0.0000  0.000  0.000 0.000   17.029 -1.502   7.506  0.0000  0.000  0.000 0.000
 begin D2SV      12   428.538    4.800  0.200   7.530  0.0000  0.000  0.000 0.000   17.029 -1.502   7.506  0.0000  0.000  0.000 0.000
   378 D400      12   428.938    4.675  0.113   7.544  0.0000  0.000  0.000 0.000   18.261 -1.578   7.510  0.0000  0.000  0.000 0.000
1BRing                                                                             "MAD" Version: 8.51/15   Run: 21/04/16  10.52.52
 Linear lattice functions.    TWISS               line: RING                       range: #S/#E                                   
 Delta(p)/p:     0.000000     symm: F             super:   1                                                             page    10
 ----------------------------------------------------------------------------------------------------------------------------------
      ELEMENT SEQUENCE       I                H O R I Z O N T A L               I                  V E R T I C A L
 pos.  element occ.     dist I   betax  alfax   mux    x(co)  px(co) Dx    Dpx  I   betay   alfay    muy    y(co)  py(co)  Dy    Dpy
 no.   name    no.      [m]  I   [m]    [1]     [2pi]  [mm]   [.001] [m]   [1]  I   [m]     [1]      [2pi]  [mm]   [.001]  [m]   [1]
 ----------------------------------------------------------------------------------------------------------------------------------
   379 SCV       12   429.338    4.619  0.027   7.557  0.0000  0.000  0.000 0.000   19.554 -1.655   7.513  0.0000  0.000  0.000 0.000
   380 D200      18   429.538    4.617 -0.017   7.564  0.0000  0.000  0.000 0.000   20.224 -1.693   7.515  0.0000  0.000  0.000 0.000
 end   D2SV      12   429.538    4.617 -0.017   7.564  0.0000  0.000  0.000 0.000   20.224 -1.693   7.515  0.0000  0.000  0.000 0.000
   381 QD1       47   429.938    4.895 -0.689   7.578  0.0000  0.000  0.000 0.000   20.596  0.779   7.518  0.0000  0.000  0.000 0.000
   382 QD1       48   430.338    5.755 -1.497   7.590  0.0000  0.000  0.000 0.000   19.018  3.101   7.521  0.0000  0.000  0.000 0.000
   383 D1        38   432.538   15.065 -2.735   7.628  0.0000  0.000  0.000 0.000    8.076  1.873   7.550  0.0000  0.000  0.000 0.000
   384 D0        54   433.138   18.550 -3.073   7.633  0.0000  0.000  0.000 0.000    6.029  1.538   7.563  0.0000  0.000  0.000 0.000
 end   FODO       3   433.138   18.550 -3.073   7.633  0.0000  0.000  0.000 0.000    6.029  1.538   7.563  0.0000  0.000  0.000 0.000
 begin STRAIGHT   3   433.138   18.550 -3.073   7.633  0.0000  0.000  0.000 0.000    6.029  1.538   7.563  0.0000  0.000  0.000 0.000
   385 MD         3   433.138   18.550 -3.073   7.633  0.0000  0.000  0.000 0.000    6.029  1.538   7.563  0.0000  0.000  0.000 0.000
   386 QF3        5   433.638   20.846 -1.449   7.637  0.0000  0.000  0.000 0.000    4.862  0.831   7.578  0.0000  0.000  0.000 0.000
   387 QF3        6   434.138   21.361  0.433   7.641  0.0000  0.000  0.000 0.000    4.317  0.276   7.596  0.0000  0.000  0.000 0.000
   388 D3         9   435.138   20.551  0.377   7.649  0.0000  0.000  0.000 0.000    4.015  0.026   7.634  0.0000  0.000  0.000 0.000
   389 DB         9   437.887   18.898  0.224   7.671  0.0000  0.000  0.000 0.000    5.753 -0.659   7.731  0.0000  0.000  0.000 0.000
   390 D1        39   440.087   18.179  0.102   7.690  0.0000  0.000  0.000 0.000    9.858 -1.207   7.778  0.0000  0.000  0.000 0.000
   391 QDS1       3   441.087   23.986 -6.476   7.698  0.0000  0.000  0.000 0.000    9.382  1.635   7.794  0.0000  0.000  0.000 0.000
   392 D0        55   441.687   32.401 -7.549   7.701  0.0000  0.000  0.000 0.000    7.561  1.400   7.806  0.0000  0.000  0.000 0.000
   393 MD5        3   441.687   32.401 -7.549   7.701  0.0000  0.000  0.000 0.000    7.561  1.400   7.806  0.0000  0.000  0.000 0.000
   394 QFS1       3   442.687   37.952  2.539   7.706  0.0000  0.000  0.000 0.000    7.010 -0.798   7.829  0.0000  0.000  0.000 0.000
   395 D3        10   443.687   33.070  2.343   7.710  0.0000  0.000  0.000 0.000    8.839 -1.031   7.849  0.0000  0.000  0.000 0.000
   396 DB        10   446.436   21.671  1.804   7.727  0.0000  0.000  0.000 0.000   16.271 -1.673   7.886  0.0000  0.000  0.000 0.000
   397 D1        40   448.636   14.685  1.372   7.746  0.0000  0.000  0.000 0.000   24.761 -2.186   7.903  0.0000  0.000  0.000 0.000
   398 D1        41   450.836    9.599  0.940   7.776  0.0000  0.000  0.000 0.000   35.509 -2.700   7.915  0.0000  0.000  0.000 0.000
   399 QDS2       3   451.836   10.686 -2.133   7.792  0.0000  0.000  0.000 0.000   30.565  7.144   7.920  0.0000  0.000  0.000 0.000
   400 MD3        5   451.836   10.686 -2.133   7.792  0.0000  0.000  0.000 0.000   30.565  7.144   7.920  0.0000  0.000  0.000 0.000
   401 DS6        5   452.436   13.433 -2.445   7.800  0.0000  0.000  0.000 0.000   22.605  6.123   7.923  0.0000  0.000  0.000 0.000
   402 QFS2       3   453.436   15.098  0.914   7.811  0.0000  0.000  0.000 0.000   16.000  1.000   7.932  0.0000  0.000  0.000 0.000
   403 MD1        3   453.436   15.098  0.914   7.811  0.0000  0.000  0.000 0.000   16.000  1.000   7.932  0.0000  0.000  0.000 0.000
   404 DS7        5   461.436    8.254 -0.059   7.938  0.0000  0.000  0.000 0.000    8.000  0.000   8.057  0.0000  0.000  0.000 0.000
   405 S1         3   461.436    8.254 -0.059   7.938  0.0000  0.000  0.000 0.000    8.000  0.000   8.057  0.0000  0.000  0.000 0.000
   406 DS7        6   469.436   16.971 -1.031   8.056  0.0000  0.000  0.000 0.000   16.000 -1.000   8.182  0.0000  0.000  0.000 0.000
   407 MD2        3   469.436   16.971 -1.031   8.056  0.0000  0.000  0.000 0.000   16.000 -1.000   8.182  0.0000  0.000  0.000 0.000
   408 QDS20      3   470.436   24.390 -7.025   8.065  0.0000  0.000  0.000 0.000   13.947  2.871   8.192  0.0000  0.000  0.000 0.000
   409 DS6        6   471.036   33.563 -8.263   8.068  0.0000  0.000  0.000 0.000   10.740  2.473   8.200  0.0000  0.000  0.000 0.000
   410 MD4        3   471.036   33.563 -8.263   8.068  0.0000  0.000  0.000 0.000   10.740  2.473   8.200  0.0000  0.000  0.000 0.000
   411 QFS20      3   472.036   39.556  2.892   8.072  0.0000  0.000  0.000 0.000    9.080 -0.647   8.217  0.0000  0.000  0.000 0.000
   412 D3        11   473.036   34.009  2.655   8.076  0.0000  0.000  0.000 0.000   10.531 -0.804   8.233  0.0000  0.000  0.000 0.000
   413 DB        11   475.785   21.201  2.004   8.093  0.0000  0.000  0.000 0.000   16.129 -1.233   8.267  0.0000  0.000  0.000 0.000
   414 D1        42   477.985   13.526  1.484   8.114  0.0000  0.000  0.000 0.000   22.311 -1.577   8.286  0.0000  0.000  0.000 0.000
   415 D1        43   480.185    8.143  0.963   8.147  0.0000  0.000  0.000 0.000   30.005 -1.921   8.299  0.0000  0.000  0.000 0.000
   416 QDS10      3   481.185    8.476 -1.325   8.167  0.0000  0.000  0.000 0.000   26.059  5.511   8.305  0.0000  0.000  0.000 0.000
   417 D0        56   481.785   10.184 -1.520   8.178  0.0000  0.000  0.000 0.000   19.879  4.789   8.309  0.0000  0.000  0.000 0.000
   418 QFS10      3   482.785   10.441  1.287   8.192  0.0000  0.000  0.000 0.000   15.748 -0.287   8.318  0.0000  0.000  0.000 0.000
   419 D3        12   483.785    8.123  1.032   8.210  0.0000  0.000  0.000 0.000   16.390 -0.355   8.328  0.0000  0.000  0.000 0.000
   420 DB        12   486.534    4.369  0.333   8.286  0.0000  0.000  0.000 0.000   18.864 -0.544   8.353  0.0000  0.000  0.000 0.000
   421 D1        44   488.734    4.134 -0.226   8.373  0.0000  0.000  0.000 0.000   21.592 -0.696   8.370  0.0000  0.000  0.000 0.000
   422 QD3        5   489.234    4.632 -0.785   8.391  0.0000  0.000  0.000 0.000   21.271  1.327   8.374  0.0000  0.000  0.000 0.000
1BRing                                                                             "MAD" Version: 8.51/15   Run: 21/04/16  10.52.52
 Linear lattice functions.    TWISS               line: RING                       range: #S/#E                                   
 Delta(p)/p:     0.000000     symm: F             super:   1                                                             page    11
 ----------------------------------------------------------------------------------------------------------------------------------
      ELEMENT SEQUENCE       I                H O R I Z O N T A L               I                  V E R T I C A L
 pos.  element occ.     dist I   betax  alfax   mux    x(co)  px(co) Dx    Dpx  I   betay   alfay    muy    y(co)  py(co)  Dy    Dpy
 no.   name    no.      [m]  I   [m]    [1]     [2pi]  [mm]   [.001] [m]   [1]  I   [m]     [1]      [2pi]  [mm]   [.001]  [m]   [1]
 ----------------------------------------------------------------------------------------------------------------------------------
   423 QD3        6   489.734    5.755 -1.497   8.406  0.0000  0.000  0.000 0.000   19.021  3.101   8.378  0.0000  0.000  0.000 0.000
   424 D1        45   491.934   15.065 -2.735   8.444  0.0000  0.000  0.000 0.000    8.077  1.873   8.406  0.0000  0.000  0.000 0.000
   425 D0        57   492.534   18.550 -3.073   8.450  0.0000  0.000  0.000 0.000    6.030  1.538   8.420  0.0000  0.000  0.000 0.000
   426 MD3        6   492.534   18.550 -3.073   8.450  0.0000  0.000  0.000 0.000    6.030  1.538   8.420  0.0000  0.000  0.000 0.000
 end   STRAIGHT   3   492.534   18.550 -3.073   8.450  0.0000  0.000  0.000 0.000    6.030  1.538   8.420  0.0000  0.000  0.000 0.000
 end   RING       1   492.534   18.550 -3.073   8.450  0.0000  0.000  0.000 0.000    6.030  1.538   8.420  0.0000  0.000  0.000 0.000
 ----------------------------------------------------------------------------------------------------------------------------------
 total length =        492.533614          Qx           =          8.450126          Qy           =          8.420140
 delta(s)     =          0.000000 mm       Qx'          =         -7.314606          Qy'          =          1.504608
 alfa         =          0.169902E-01      betax(max)   =         39.556279          betay(max)   =         35.509465
 gamma(tr)    =          7.671868          Dx(max)      =          4.373367          Dy(max)      =          0.000000
                                           Dx(r.m.s.)   =          1.695292          Dy(r.m.s.)   =          0.000000
                                           xco(max)     =          0.000000          yco(max)     =          0.000000
                                           xco(r.m.s.)  =          0.000000          yco(r.m.s.)  =          0.000000
 ----------------------------------------------------------------------------------------------------------------------------------
