-0.1	9.99e-002
-9.9e-002	9.89e-002
-9.8e-002	9.79e-002
-9.7e-002	9.69e-002
-9.6e-002	9.59e-002
-9.5e-002	9.49e-002
-9.4e-002	9.39e-002
-9.3e-002	9.29e-002
-9.2e-002	9.19e-002
-9.1e-002	9.09e-002
-9.e-002	8.99e-002
-8.9e-002	8.89e-002
-8.8e-002	8.79e-002
-8.7e-002	8.69e-002
-8.6e-002	8.59e-002
-8.5e-002	8.49e-002
-8.4e-002	8.39e-002
-8.3e-002	8.29e-002
-8.2e-002	8.19e-002
-8.1e-002	8.09e-002
-8.e-002	7.99e-002
-7.9e-002	7.89e-002
-7.8e-002	7.79e-002
-7.7e-002	7.69e-002
-7.6e-002	7.59e-002
-7.5e-002	7.49e-002
-7.4e-002	7.39e-002
-7.3e-002	7.29e-002
-7.2e-002	7.19e-002
-7.1e-002	7.09e-002
-7.e-002	6.99e-002
-6.9e-002	6.89e-002
-6.8e-002	6.79e-002
-6.7e-002	6.69e-002
-6.6e-002	6.59e-002
-6.5e-002	6.49e-002
-6.4e-002	6.39e-002
-6.3e-002	6.29e-002
-6.2e-002	6.19e-002
-6.1e-002	6.09e-002
-6.e-002	5.99e-002
-5.9e-002	5.89e-002
-5.8e-002	5.79e-002
-5.7e-002	5.69e-002
-5.6e-002	5.59e-002
-5.5e-002	5.49e-002
-5.4e-002	5.39e-002
-5.3e-002	5.29e-002
-5.2e-002	5.19e-002
-5.1e-002	5.09e-002
-5.e-002	4.99e-002
-4.9e-002	4.89e-002
-4.8e-002	4.79e-002
-4.7e-002	4.69e-002
-4.6e-002	4.59e-002
-4.5e-002	4.49e-002
-4.4e-002	4.39e-002
-4.3e-002	4.29e-002
-4.2e-002	4.19e-002
-4.1e-002	4.09e-002
-4.e-002	3.99e-002
-3.9e-002	3.89e-002
-3.8e-002	3.79e-002
-3.7e-002	3.69e-002
-3.6e-002	3.59e-002
-3.5e-002	3.49e-002
-3.4e-002	3.39e-002
-3.3e-002	3.29e-002
-3.2e-002	3.19e-002
-3.1e-002	3.09e-002
-3.e-002	2.99e-002
-2.9e-002	2.89e-002
-2.8e-002	2.79e-002
-2.7e-002	2.69e-002
-2.6e-002	2.59e-002
-2.5e-002	2.49e-002
-2.4e-002	2.39e-002
-2.3e-002	2.29e-002
-2.2e-002	2.19e-002
-2.1e-002	2.09e-002
-2.e-002	1.99e-002
-1.9e-002	1.89e-002
-1.8e-002	1.79e-002
-1.7e-002	1.69e-002
-1.6e-002	1.59e-002
-1.5e-002	1.49e-002
-1.4e-002	1.39e-002
-1.3e-002	1.29e-002
-1.2e-002	1.19e-002
-1.1e-002	1.09e-002
-1.e-002	9.9e-003
-9.e-003	8.9e-003
-8.e-003	7.9e-003
-7.e-003	6.9e-003
-6.e-003	5.9e-003
-5.e-003	4.9e-003
-4.e-003	3.9e-003
-3.e-003	2.9e-003
-2.e-003	1.9e-003
-1.e-003	9.e-004
0.	-1.e-004
1.e-003	-1.1e-003
2.e-003	-2.1e-003
3.e-003	-3.1e-003
4.e-003	-4.1e-003
5.e-003	-5.1e-003
6.e-003	-6.1e-003
7.e-003	-7.1e-003
8.e-003	-8.1e-003
9.e-003	-9.1e-003
1.e-002	-1.01e-002
1.1e-002	-1.11e-002
1.2e-002	-1.21e-002
1.3e-002	-1.31e-002
1.4e-002	-1.41e-002
1.5e-002	-1.51e-002
1.6e-002	-1.61e-002
1.7e-002	-1.71e-002
1.8e-002	-1.81e-002
1.9e-002	-1.91e-002
2.e-002	-2.01e-002
2.1e-002	-2.11e-002
2.2e-002	-2.21e-002
2.3e-002	-2.31e-002
2.4e-002	-2.41e-002
2.5e-002	-2.51e-002
2.6e-002	-2.61e-002
2.7e-002	-2.71e-002
2.8e-002	-2.81e-002
2.9e-002	-2.91e-002
3.e-002	-3.01e-002
3.1e-002	-3.11e-002
3.2e-002	-3.21e-002
3.3e-002	-3.31e-002
3.4e-002	-3.41e-002
3.5e-002	-3.51e-002
3.6e-002	-3.61e-002
3.7e-002	-3.71e-002
3.8e-002	-3.81e-002
3.9e-002	-3.91e-002
4.e-002	-4.01e-002
4.1e-002	-4.11e-002
4.2e-002	-4.21e-002
4.3e-002	-4.31e-002
4.4e-002	-4.41e-002
4.5e-002	-4.51e-002
4.6e-002	-4.61e-002
4.7e-002	-4.71e-002
4.8e-002	-4.81e-002
4.9e-002	-4.91e-002
5.e-002	-5.01e-002
5.1e-002	-5.11e-002
5.2e-002	-5.21e-002
5.3e-002	-5.31e-002
5.4e-002	-5.41e-002
5.5e-002	-5.51e-002
5.6e-002	-5.61e-002
5.7e-002	-5.71e-002
5.8e-002	-5.81e-002
5.9e-002	-5.91e-002
6.e-002	-6.01e-002
6.1e-002	-6.11e-002
6.2e-002	-6.21e-002
6.3e-002	-6.31e-002
6.4e-002	-6.41e-002
6.5e-002	-6.51e-002
6.6e-002	-6.61e-002
6.7e-002	-6.71e-002
6.8e-002	-6.81e-002
6.9e-002	-6.91e-002
7.e-002	-7.01e-002
7.1e-002	-7.11e-002
7.2e-002	-7.21e-002
7.3e-002	-7.31e-002
7.4e-002	-7.41e-002
7.5e-002	-7.51e-002
7.6e-002	-7.61e-002
7.7e-002	-7.71e-002
7.8e-002	-7.81e-002
7.9e-002	-7.91e-002
8.e-002	-8.01e-002
8.1e-002	-8.11e-002
8.2e-002	-8.21e-002
8.3e-002	-8.31e-002
8.4e-002	-8.41e-002
8.5e-002	-8.51e-002
8.6e-002	-8.61e-002
8.7e-002	-8.71e-002
8.8e-002	-8.81e-002
8.9e-002	-8.91e-002
9.e-002	-9.01e-002
9.1e-002	-9.11e-002
9.2e-002	-9.21e-002
9.3e-002	-9.31e-002
9.4e-002	-9.41e-002
9.5e-002	-9.51e-002
9.6e-002	-9.61e-002
9.7e-002	-9.71e-002
9.8e-002	-9.81e-002
9.9e-002	-9.91e-002
0.1	-0.1001
0.101	-0.1011
0.102	-0.1021
0.103	-0.1031
0.104	-0.1041
0.105	-0.1051
0.106	-0.1061
0.107	-0.1071
0.108	-0.1081
0.109	-0.1091
0.11	-0.1101
0.111	-0.1111
0.112	-0.1121
0.113	-0.1131
0.114	-0.1141
0.115	-0.1151
0.116	-0.1161
0.117	-0.1171
0.118	-0.1181
0.119	-0.1191
0.12	-0.1201
0.121	-0.1211
0.122	-0.1221
0.123	-0.1231
0.124	-0.1241
0.125	-0.1251
0.126	-0.1261
0.127	-0.1271
0.128	-0.1281
0.129	-0.1291
0.13	-0.1301
0.131	-0.1311
0.132	-0.1321
0.133	-0.1331
0.134	-0.1341
0.135	-0.1351
0.136	-0.1361
0.137	-0.1371
0.138	-0.1381
0.139	-0.1391
0.14	-0.1401
0.141	-0.1411
0.142	-0.1421
0.143	-0.1431
0.144	-0.1441
0.145	-0.1451
0.146	-0.1461
0.147	-0.1471
0.148	-0.1481
0.149	-0.1491
0.15	-0.1501
0.151	-0.1511
0.152	-0.1521
0.153	-0.1531
0.154	-0.1541
0.155	-0.1551
0.156	-0.1561
0.157	-0.1571
0.158	-0.1581
0.159	-0.1591
0.16	-0.1601
0.161	-0.1611
0.162	-0.1621
0.163	-0.1631
0.164	-0.1641
0.165	-0.1651
0.166	-0.1661
0.167	-0.1671
0.168	-0.1681
0.169	-0.1691
0.17	-0.1701
0.171	-0.1711
0.172	-0.1721
0.173	-0.1731
0.174	-0.1741
0.175	-0.1751
0.176	-0.1761
0.177	-0.1771
0.178	-0.1781
0.179	-0.1791
0.18	-0.1801
0.181	-0.1811
0.182	-0.1821
0.183	-0.1831
0.184	-0.1841
0.185	-0.1851
0.186	-0.1861
0.187	-0.1871
0.188	-0.1881
0.189	-0.1891
0.19	-0.1901
0.191	-0.1911
0.192	-0.1921
0.193	-0.1931
0.194	-0.1941
0.195	-0.1951
0.196	-0.1961
0.197	-0.1971
0.198	-0.1981
0.199	-0.1991
		
		
		
		
		
		
		
		
		
		
		
		
		
		
		
		
		
		
		
		
		
		
		
		
		
		
		
		
		
		
		
		
		
		
		
		
		
		
		
		
		
		
		
		
		
		
		
		
		
		
		
		
		
		
		
		
		
		
		
		
		
		
		
		
		
		
		
		
		
		
		
		
		
		
		
		
		
		
		
		
		
		
		
		
		
		
		
		
		
		
		
		
		
		
		
		
		
		
		
		
		
		
		
		
		
		
		
		
		
		
		
		
		
		
		
		
		
		
		
		
		
		
		
		
		
		
		
		
		
		
		
		
		
		
		
		
		
		
		
		
		
		
		
		
		
		
		
		
		
		
		
		
		
		
		
		
		
		
		
		
		
		
		
		
		
		
		
		
		
		
		
		
		
		
		
		
		
		
		
		
		
		
		
		
		
		
		
		
		
		
		
		
		
		
		
		
		
		
		
		
		
		
		
		
		
		
		
		
		
		
		
		
		
		
		
		
		
		
		
		
		
		
		
		
		
		
		
		
		
		
		
		
		
		
		
		
		
		
		
		
		
		
		
		
		
		
		
		
		
		
		
		
		
		
		
		
		
		
		
		
		
		
		
		
		
		
		
		
		
		
		
		
		
		
		
		
		
		
		
		
		
		
		
		
		
		
		
		
		
		
		
		
		
		
		
		
		
		
		
		
		
		
		
		
		
		
		
		
		
		
		
		
		
		
		
		
		
		
		
		
		
		
		
		
		
		
		
		
		
		
		
		
		
		
		
		
		
		
		
		
		
		
		
		
		
		
		
		
		
		
		
		
		
		
		
		
		
		
		
		
		
		
		
		
		
		
		
		
		
		
		
		
		
		
		
		
		
		
		
		
		
		
		
		
		
		
		
		
		
		
		
		
		
		
		
		
		
		
		
		
		
		
		
		
		
		
		
		
		
		
		
		
		
		
		
		
		
		
		
		
		
		
		
		
		
		
		
		
		
		
		
		
		
		
		
		
		
		
		
		
		
		
		
		
		
		
		
		
		
		
		
		
		
		
		
		
		
		
		
		
		
		
		
		
		
		
		
		
		
		
		
		
		
		
		
		
		
		
		
		
		
		
		
		
		
		
		
		
		
		
		
		
		
		
		
		
		
		
		
		
		
		
		
		
		
		
		
		
		
		
		
		
		
		
		
		
		
		
		
		
		
		
		
		
		
		
		
		
		
		
		
		
		
		
		
		
		
		
		
		
		
		
		
		
		
		
		
		
		
		
		
		
		
		
		
		
		
		
		
		
		
		
		
		
		
		
		
		
		
		
		
		
		
		
		
		
		
		
		
		
		
		
		
		
		
		
		
		
		
		
		
		
		
		
		
		
		
		
		
		
		
		
		
		
		
		
		
		
		
		
		
		
		
		
		
		
		
		
		
		
		
		
		
		
		
		
		
		
		
		
		
		
		
		
		
		
		
		
		
		
		
		
		
		
		
		
		
		
		
		
		
		
		
		
		
		
		
		
		
		
		
		
		
		
		
		
		
		
		
		
		
		
		
		
		
		
		
		
		
		
		
		
		
		
		
		
		
		
		
		
		
		
		
		
		
		
		
		
		
		
